31777860106  1939 2007 1955                                B 13    GOES                             
31777860113  1014 1024 1021                                B 17    GOES                             
31777860113  1029E1036 1032 S13W42SF                       B 18    GOES          4710 860110.3      
31777860113  1115 1141 1121                                B 14    GOES          4710               
31777860113  1129E1326 1243 S13W44SN                       B 18    GOES          4710 860110.1      
31777860113  1301 1355 1345                                B 27    GOES          4710               
31777860113  1544 1556 1550                                B 15    GOES          4710               
31777860113  1717 1726 1722                                B 12    GOES          4710               
31777860113  2019 2030 2021 S10W49SF                       B 10    GOES          4710 860110.2      
31777860113  2113 2135 2114 S10W50SF                       B 21    GOES          4710 860110.1      
31777860113  2203 2313 2233 S09W51SF                       B 50    GOES          4710 860110.1      
31777860113  2253 2306 2300                                B 40    GOES          4710               
31777860113  2312 2328 2325                                B 32    GOES          4710               
31777860114  0118 0136 0128                                B 10    GOES                             
31777860114  0609 0622 0611 S08W56SF                       B 14    GOES          4710 860110.0      
31777860114  0650 0700 0655                                B 22    GOES                             
31777860114  0733 0743 0738                                B 25    GOES                             
31777860114  0857 0911 0908                                B 16    GOES                             
31777860114  0914 0920 0917                                B 19    GOES                             
31777860114  1041 1053 1050                                B 20    GOES                             
31777860114  1113 1122 1116                                B 13    GOES                             
31777860114  1131 1140 1135                                B 15    GOES                             
31777860114  1150 1204 1156                                B 41    GOES                             
31777860114  1219 1227 1224                                B 23    GOES                             
31777860114  1338 1421 1348                                B 16    GOES                             
31777860114  1437 1445 1441                                B 18    GOES                             
31777860114  1507 1545 1508 S14W60SN                       C 31    GOES          4710 860110.1      
31777860114  1647 1653 1649                                B 35    GOES                             
31777860114  1833 1855 1844                                B 39    GOES                             
31777860114  1937 1948 1943                                B 47    GOES                             
31777860114  2004 2025 2013                                B 40    GOES                             
31777860114  2046 2059 2053                                B 26    GOES                             
31777860114  2118 2145 2132                                B 38    GOES                             
31777860114  2212 2222 2216                                B 48    GOES                             
31777860114  2302 2310 2306                                B 30    GOES                             
31777860114  2312 2323 2315 S11W67SF                       B 53    GOES          4710 8601 9.9      
31777860114  2347 2358 2353                                B 40    GOES                             
31777860115  0129 0147 0142 S08W67SF                       B 18    GOES          4710 860110.0      
31777860115  0359 0418 0402 S09W67SF                       B 60    GOES          4710 860110.1      
31777860115  0654 0840 0710 S09W671N                       M 11    GOES          4710 860110.2      
31777860115  1009 1021 1014                                B 76    GOES                             
31777860115  1059 1111 1103                                B 42    GOES                             
31777860115  1117 1130 1122                                B 52    GOES                             
31777860115  1213 1224 1219                                B 30    GOES                             
31777860115  1329 1337 1333                                B 28    GOES          4710               
31777860115  1342 1347 1344 S11W71SF                       C 20    GOES          4710 860110.2      
31777860115  1451 1506 1459                                B 86    GOES                             
31777860115  1710 1716 1713                                B 28    GOES                             
31777860115  1718 1724 1722                                B 33    GOES                             
31777860115  1857 1924 1910                                B 23    GOES                             
31777860115  1956 2004 2000                                B 22    GOES                             
31777860115  2057 2131 2121                                C 60    GOES                             
31777860115  2148 2159 2149 S12W72SF                       C 46    GOES          4710 860110.5      
31777860116  0017 0023 0021                                B 82    GOES                             
31777860116  0112 0134 0117                                B 36    GOES                             
31777860116  0301 0315 0306                                B 31    GOES                             
31777860116  0443 0451 0447                                B 45    GOES                             
31777860116  0600 0605 0603                                B 49    GOES                             
31777860116  0835 0842 0838                                B 31    GOES                             
31777860116  0934 0940 0937                                B 45    GOES                             
31777860116  1047 1107 1052                                B 35    GOES                             
31777860116  1112 1121 1116                                B 34    GOES                             
31777860116  1200 1218 1210                                C 43    GOES                             
31777860116  1343 1354 1347                                B 44    GOES                             
31777860116  1359 1423 1409                                C 10    GOES                             
31777860116  1505 1514 1511                                B 85    GOES                             
31777860116  1616 1623 1617 S09W86SF                       M 66    GOES          4710 860110.2      
31777860116  1837 1914 1849 S12W88SN                       M 13    GOES          4710 860110.1      
31777860116  2253 2300 2258                                C 10    GOES          4710               
31777860116  2306 2333 2324                                C 19    GOES                             
31777860117  0030 0047 0037                                C 20    GOES          4710               
31777860117  0114 0151 0139                                C 36    GOES          4710               
31777860117  0246 0300 0255                                C 13    GOES          4710               
31777860117  0350 0420 0401                                C 17    GOES          4710               
31777860117  0513 0544 0521                                B 40    GOES                             
31777860117  0616 0640 0626                                B 49    GOES                             
31777860117  0702 0719 0709                                B 45    GOES                             
31777860117  0843 0852 0847                                B 39    GOES                             
31777860117  1201 1218 1210                                B 47    GOES                             
31777860117  1943 2036 2014                                B 37    GOES                             
31777860117  2341 2353 2346                                B 17    GOES                             
31777860118  0607 0648 0616                                B 15    GOES                             
31777860118  0725 0856 0800                                B 33    GOES                             
31777860118  1301 1502 1338                                B 78    GOES                             
31777860119  0359 0427 0405                                B 10    GOES                             
31777860128  1347 1559 1439                                B 73    GOES                             
31777860129  0915 0927 0922                                B 43    GOES                             
31777860129  2023 2028 2026                                B 19    GOES                             
31777860129  2023 2029 2026                                B 21    GOES                             
31777860130  0052 0059 0057                                B 24    GOES                             
31777860130  1242 1250 1246                                B 14    GOES                             
31777860130  1652 1702 1656                                B 10    GOES                             
31777860130  1805 1811 1809                                B 11    GOES                             
31777860131  0314 0326 0321                                B 64    GOES                             
31777860131  1301 1308 1302 S08E70SN                       B 63    GOES          4711 8602 5.8      
31777860131  1440 1445 1443                                B 11    GOES                             
31777860131  1723 1728 1726                                B 14    GOES                             
31777860131  1841 1848 1845                                B 13    GOES                             
31777860131  1938 1945 1942                                B 12    GOES                             
31777860131  1952 2000 1958                                B 56    GOES                             
31777860131  2103 2121 2114                                B 31    GOES                             
31777860201  0022 0038 0025 S09E621F                       B 38    GOES          4711 8602 5.7      
31777860201  0227 0247 0239                                B 46    GOES                             
31777860201  0325 0339 0334                                B 22    GOES                             
31777860201  0957 1027 1014                                B 75    GOES                             
31777860201  1520 1527 1524                                B 29    GOES                             
31777860201  1648 1655 1651                                B 20    GOES                             
31777860201  1843 1856 1848                                B 31    GOES                             
31777860201  2122 2132 2127                                B 41    GOES                             
31777860201  2207 2225 2213                                B 24    GOES                             
31777860201  2325 2337 2330                                B 42    GOES                             
31777860201  2345 2412 2356                                C 13    GOES                             
31777860202  0110 0116 0113                                B 45    GOES                             
31777860202  0230 0235 0233                                B 31    GOES                             
31777860202  0314 0317 0314 S09E48SF                       B 50    GOES          4711 8602 5.7      
31777860202  0602 0714 0654                                B 58    GOES                             
31777860202  0852 0903 0858                                B 29    GOES                             
31777860202  1118 1125 1122                                C 22    GOES                             
31777860202  1541 1546 1544                                B 48    GOES                             
31777860202  1607 1624 1615                                B 29    GOES                             
31777860202  1635 1641 1639                                B 52    GOES                             
31777860202  1649 1703 1655                                C 17    GOES                             
31777860202  1814 1821 1817                                B 45    GOES                             
31777860202  1946 2101 1946 S10E49SF                       C 30    GOES          4711 8602 6.5      
31777860203  0430 0437 0431 N02E86SN                       B 62    GOES          4713 8602 9.6      
31777860203  0709 0719 0713                                B 50    GOES                             
31777860203  0828 0850 0844 S05E36SF                       B 51    GOES          4711 8602 6.0      
31777860203  1118 1123 1121                                B 63    GOES                             
31777860203  1400 1409 1404 S06E31SN                       B 72    GOES          4711 8602 5.9      
31777860203  1736 1836 1805 S09E28SF                       C 10    GOES          4711 8602 5.8      
31777860203  2037 2240 2040 S09E261B                       M 23    GOES          4711 8602 5.8      
31777860204  0303 0318 0304 S04E24SF                       B 77    GOES          4711 8602 5.9      
31777860204  0444 0453 0448                                B 74    GOES                             
31777860204  0526 0536 0528 S03E23SF                       B 86    GOES          4711 8602 5.9      
31777860204  0649 0713 0650 S07E22SF                       C 19    GOES          4711 8602 5.9      
31777860204  0735 0837 0740 S03E213B                       X 30    GOES          4711 8602 5.9      
31777860204  0919 0931 0923                                C 18    GOES                             
31777860204  1004 1014 1009                                C 10    GOES                             
31777860204  1027E1049D1033 S02E681B                       M 64    GOES          4713 8602 9.5      
31777860204  1720 1731 1725                                B 89    GOES                             
31777860204  1927 1939 1932                                B 73    GOES                             
31777860204  2215 2228 2222                                B 58    GOES                             
31777860205  0051 0113 0052 S06E11SF                       C 39    GOES          4711 8602 5.8      
31777860205  0542 0551 0547                                B 57    GOES                             
31777860205  0624 0644 0628                                B 64    GOES          4713               
31777860205  0726 0746 0728 N02E53SF                       B 68    GOES          4713 8602 9.3      
31777860205  0939 0954 0942 S04E06SF                       C 19    GOES          4711 8602 5.8      
31777860205  1017 1027 1022                                C 11    GOES                             
31777860205  1237 1401 1253 S07E062B                       M 30    GOES          4711 8602 6.0      
31777860205  1439 1448 1444                                B 88    GOES                             
31777860205  1617 1626 1621                                B 35    GOES                             
31777860205  1817 1825 1821                                B 39    GOES                             
31777860205  1929 1932 1929 S10E04SF                       B 78    GOES          4711 8602 6.1      
31777860205  2022 2046 2035                                B 48    GOES                             
31777860205  2143E2215 2143 S08W03SF                       B 81    GOES          4711 8602 5.7      
31777860205  2254 2259 2254 S01E48SF                       B 45    GOES          4713 8602 9.5      
31777860205  2316 2328 2320 S05W03SF                       B 63    GOES          4711 8602 5.7      
31777860205  2331 2342 2334 S05W06SF                       B 88    GOES          4711 8602 5.5      
31777860206  0117 0134 0117 S01E41SF                       B 95    GOES          4713 8602 9.1      
31777860206  0212 0246 0220 S04W04SN                       C 18    GOES          4711 8602 5.8      
31777860206  0335 0355 0340 S08W06SF                       C 19    GOES          4711 8602 5.7      
31777860206  0531 0541 0533 S07W02SN                       C 17    GOES          4711 8602 6.1      
31777860206  0618 0753 0625 S04W063B                       X 17    GOES          4711 8602 5.8      
31777860206  1128 1137 1132                                B 56    GOES                             
31777860206  1238 1246 1243                                B 38    GOES                             
31777860206  1357 1548 1528 S10W12SB                       B 92    GOES          4711 8602 5.7      
31777860206  1526 1533 1530                                B 80    GOES                             
31777860206  1724 1749 1742                                C 11    GOES                             
31777860206  1833 1841 1836 S02E33SF                       B 95    GOES          4713 8602 9.2      
31777860206  1919 1942D1920 S12W12SN                       C 16    GOES          4711 8602 5.9      
31777860206  2016E2028D2016 S06W15SF                       B 99    GOES          4711 8602 5.7      
31777860206  2126 2136 2129 S11W10SF                       C 12    GOES          4711 8602 6.1      
31777860206  2252 2314 2310                                C 11    GOES                             
31777860207  0133 0151 0137 S09W16SF                       B 86    GOES          4711 8602 5.9      
31777860207  0208 0230 0221                                C 15    GOES                             
31777860207  0326 0345 0332 S10W16SN                       C 22    GOES          4711 8602 5.9      
31777860207  0523 0533 0525 S09W18SN                       B 77    GOES          4711 8602 5.9      
31777860207  0729 0758 0731 S08W18SF                       B 85    GOES          4711 8602 6.0      
31777860207  0820 0831 0825 S08W18SF                       B 80    GOES          4711 8602 6.0      
31777860207  1011 1125 1029 S10W202B                       M 52    GOES          4711 8602 5.9      
31777860207  2033 2047 2039                                C 12    GOES                             
31777860207  2206 2211 2209                                C 17    GOES                             
31777860207  2256 2308 2259 N00E09SF                       B 87    GOES          4713 8602 8.6      
31777860207  2326 2338 2328 S08W27SN                       C 11    GOES          4711 8602 5.9      
31777860208  0241 0245 0241 S08W29SF                       B 58    GOES          4711 8602 5.9      
31777860208  0417 0437 0421 S04W33SF                       B 96    GOES          4711 8602 5.7      
31777860208  0609 0652 0629 S00E12SF                       C 17    GOES          4713 8602 9.1      
31777860208  1630 1715 1637 S10W37SF                       B 56    GOES          4711 8602 5.9      
31777860208  2138 2144 2141                                B 37    GOES                             
31777860208  2222 2230 2227                                B 50    GOES                             
31777860208  2327 2332 2327 S05W40SF                       B 34    GOES          4711 8602 6.0      
31777860209  0121 0126 0124                                B 56    GOES                             
31777860209  0740 0747 0744                                B 32    GOES                             
31777860209  0929 0943 0931 S04W46SF                       B 29    GOES          4711 8602 5.9      
31777860209  1220 1228 1224                                B 36    GOES                             
31777860209  1238 1247 1242                                B 32    GOES                             
31777860209  1425 1432 1429                                B 35    GOES                             
31777860209  1746 1801 1751                                B 38    GOES                             
31777860209  2100 2111 2107                                C 18    GOES                             
31777860209  2316 2329 2322                                C 10    GOES                             
31777860210  0027 0050 0045                                B 96    GOES          4713               
31777860210  0511 0514 0513 N01W20SF                       B 36    GOES          4713 8602 8.7      
31777860210  0708 0821 0720 N01W18SN                       C 52    GOES          4713 8602 8.9      
31777860210  0946 0956 0948 S07W59SF                       B 35    GOES          4711 8602 6.0      
31777860210  1014 1020 1018                                B 58    GOES          4713               
31777860210  1147 1235 1155 S06W66SB                       C 34    GOES          4711 8602 5.5      
31777860210  1435 1442 1439                                B 47    GOES                             
31777860210  1602 1643 1634                                C 18    GOES          4711               
31777860210  2025 2124 2048 S01W32SB                       C 95    GOES          4713 8602 8.5      
31777860211  0039 0134 0101 N02W331N                       C 43    GOES          4713 8602 8.6      
31777860211  0332 0440 0338 N00W301B                       M 11    GOES          4713 8602 8.9      
31777860211  0429 0450 0440                                C 52    GOES          4713               
31777860211  0612 0714 0652                                C 21    GOES                             
31777860211  0823 0834 0826                                B 90    GOES                             
31777860211  0854 0900 0854 N02W37SF                       C 11    GOES          4713 8602 8.6      
31777860211  1027 1032 1030                                B 69    GOES                             
31777860211  1109 1139 1139                                C 12    GOES                             
31777860211  1150 1155 1153                                C 20    GOES                             
31777860211  1342 1351 1347                                C 23    GOES                             
31777860211  1546 1603 1553                                C 19    GOES                             
31777860211  2303 2405 2321 N00W43SN                       M 10    GOES          4713 8602 8.7      
31777860212  0251 0303 0259 N03W49SF                       C 16    GOES          4713 8602 8.4      
31777860212  0450 0514 0509                                C 19    GOES                             
31777860212  0659 0709 0706                                B 84    GOES                             
31777860212  0704 0709 0706 N03W51SF                       B 85    GOES          4713 8602 8.5      
31777860212  1059 1110 1101 N03W53SN                       C 17    GOES          4713 8602 8.5      
31777860212  1336 1343 1338                                B 77    GOES                             
31777860212  1350 1357 1353                                C 19    GOES                             
31777860212  1351 1425 1403 S01W53SB                       C 21    GOES          4713 8602 8.6      
31777860212  1453 1500 1456                                B 58    GOES                             
31777860212  1721 1733 1727                                B 84    GOES                             
31777860212  2201 2211 2208                                C 27    GOES                             
31777860212  2322 2335 2325                                C 10    GOES                             
31777860213  0246 0254 0246 N04W63SF                       M 10    GOES          4713 8602 8.4      
31777860213  0451 0501 0454                                C 69    GOES                             
31777860213  1250 1306 1258                                C 10    GOES                             
31777860213  1351 1406 1358                                C 10    GOES                             
31777860213  1607 1614 1611                                B 64    GOES                             
31777860213  1717 1742 1720 S03W65SB                       C 20    GOES          4713 8602 8.9      
31777860213  1933 1935 1933 N01W70SF                       B 69    GOES          4713 8602 8.6      
31777860213  2032 2037 2035                                B 59    GOES                             
31777860213  2315 2319 2316 S03W68SN                       C 51    GOES          4713 8602 8.9      
31777860214  0053 0103 0056                                B 76    GOES                             
31777860214  0259 0319 0303                                B 75    GOES                             
31777860214  0301 0306 0304 N04W76SF                       B 76    GOES          4713 8602 8.4      
31777860214  0626 0636 0630                                B 62    GOES                             
31777860214  0749 0757 0753                                B 72    GOES                             
31777860214  0910 1025 0921 N01W761B                       M 64    GOES          4713 8602 8.7      
31777860214  1545 1600 1545 N00W79SB                       C 58    GOES          4713 8602 8.7      
31777860214  2038 2052 2038 N00W86SB                       C 35    GOES          4713 8602 8.4      
31777860215  0137 0147 0142                                B 92    GOES          4713               
31777860215  0407 0414 0412                                C 10    GOES          4713               
31777860215  0503 0507 0503 S02W80SN                       C 93    GOES          4713 8602 9.2      
31777860215  0543 0627 0611                                C 14    GOES          4713               
31777860215  0642 0824 0733                                C 44    GOES          4713               
31777860215  0842 0849 0846 S01W83SN                       C 57    GOES          4713 8602 9.2      
31777860215  0950 0955 0951 S02W83SN                       C 74    GOES          4713 8602 9.2      
31777860215  1016 1300 1203                                M 22    GOES          4713               
31777860215  1304 1316 1309                                M 16    GOES          4713               
31777860215  1746 1801 1749                                C 23    GOES                             
31777860216  0209 0223 0216                                B 94    GOES                             
31777860216  1134 1156 1151                                C 10    GOES                             
31777860216  1436 1537 1450                                B 53    GOES                             
31777860216  2246 2550 2357                                C 70    GOES T                           
31777860225  1600 1802 1758                                B 11    GOES                             
31777860226  0920 2400D1720                                B 20    GOES T        4715               
31777860227  0001E0130 0000E                               B 20    GOES          4715               
31777860228  0214 0226 0217                                B 19    GOES                             
31777860228  0415 0425 0420                                B 16    GOES                             
31777860228  1119 1126 1124                                B 26    GOES                             
31777860228  1138 1156 1151                                B 22    GOES                             
31777860228  1456 1510 1506                                C 10    GOES                             
31777860228  1636 1643 1640                                B 70    GOES                             
31777860228  1701 1717 1707                                B 45    GOES                             
31777860228  1907 2139 1911                                B 44    GOES                             
31777860228  2016 2035 2027 S01E82SF                       C 16    GOES          4717 8603 7.0      
31777860228  2042 2051 2045 N02E851N                       C 12    GOES          4717 8603 7.2      
31777860301  0056 0111 0102                                B 57    GOES                             
31777860301  0228 0233 0231                                B 32    GOES                             
31777860301  0312 0318 0316                                B 24    GOES                             
31777860301  0447 0454 0451 N05E80SF                       B 82    GOES          4717 8603 7.2      
31777860301  0637 0645 0641 N03E78SN                       B 29    GOES          4717 8603 7.1      
31777860301  0702 0707 0704 N02E79SF                       B 31    GOES          4717 8603 7.2      
31777860301  0754 0759 0757 N03E76SF                       B 33    GOES          4717 8603 7.0      
31777860301  0811 0817 0814                                B 32    GOES                             
31777860301  0845 0856 0849                                B 24    GOES                             
31777860301  1012 1018 1016                                B 24    GOES                             
31777860301  1157 1207 1202                                B 61    GOES                             
31777860301  1257 1305 1300                                B 24    GOES                             
31777860301  1344 1403 1351                                B 37    GOES                             
31777860301  1517 1523 1520                                B 22    GOES          4717               
31777860301  1532 1534 1533 S01E70SF                       B 22    GOES          4717 8603 6.9      
31777860301  1546 1640 1553 N02E71SN                       C 17    GOES          4717 8603 7.0      
31777860301  1854 1900 1858 S00E69SF                       B 35    GOES          4717 8603 6.9      
31777860301  2126 2132 2129                                B 26    GOES                             
31777860301  2217 2308 2252 N01E68SF                       B 51    GOES          4717 8603 7.0      
31777860302  0254 0303 0258                                B 62    GOES                             
31777860302  0537 0548 0544 N01E641B                       C 31    GOES          4717 8603 7.0      
31777860302  0650 0706 0658                                B 30    GOES                             
31777860302  1504 1514 1510 N02E57SF                       B 23    GOES          4717 8603 6.9      
31777860302  1740 1749 1745 S01E59SF                       B 32    GOES          4717 8603 7.1      
31777860302  1947 2006 1953 S01E57SF                       B 91    GOES          4717 8603 7.1      
31777860302  2034 2109 2049 N00E54SN                       C 43    GOES          4717 8603 6.9      
31777860303  0108 0112 0110       SF                       B 30    GOES                             
31777860303  0246 0251 0249                                B 25    GOES          4717               
31777860303  0500 0512 0501 S03E52SB                       C 75    GOES          4717 8603 7.1      
31777860303  1242 1257 1254                                M 13    GOES                             
31777860303  1331 1337 1335                                C 19    GOES                             
31777860303  1351 1435 1419                                C 47    GOES          4717               
31777860303  1938 1944 1942                                B 34    GOES                             
31777860303  2023 2030 2028                                B 48    GOES          4717               
31777860303  2124 2130 2128                                B 43    GOES                             
31777860303  2153 2209 2158                                B 30    GOES                             
31777860303  2338 2348 2338 N01E41SF                       B 30    GOES          4717 8603 7.0      
31777860304  0047 0058 0055                                B 19    GOES                             
31777860304  0240 0245 0243                                B 26    GOES                             
31777860304  0336 0343 0339                                B 37    GOES                             
31777860304  0447 0451 0448 N01E38SF                       B 37    GOES          4717 8603 7.0      
31777860304  0548 0553 0551                                B 19    GOES                             
31777860304  0720 0726 0723 N01E36SF                       B 25    GOES          4717 8603 7.0      
31777860304  1216 1225 1220                                B 24    GOES                             
31777860304  1930 2007 1936 N01E28SF                       B 59    GOES          4717 8603 6.9      
31777860304  2120 2125 2123                                B 25    GOES                             
31777860304  2237 2251 2242                                B 32    GOES          4717               
31777860305  0153 0159 0156                                B 19    GOES          4717               
31777860305  0240 0252 0243                                B 20    GOES          4717               
31777860305  0312 0318 0315                                B 20    GOES          4717               
31777860305  0427 0500 0429 N04E24SN                       C 12    GOES          4717 8603 7.0      
31777860305  0458 0513 0503                                B 50    GOES          4717               
31777860305  0626 0633 0630                                B 32    GOES                             
31777860305  0703 0759 0708 N04E261B                       B 45    GOES          4717 8603 7.2      
31777860305  0706 0820 0709                                M 16    GOES          4717               
31777860305  0936 0943 0940                                B 22    GOES          4717               
31777860305  1358 1407 1401                                B 45    GOES                             
31777860305  1428 1448 1439                                B 32    GOES                             
31777860305  1654 1705 1658                                B 21    GOES          4717               
31777860305  1719 1724 1722                                B 18    GOES                             
31777860305  1811 1827 1817                                B 33    GOES                             
31777860305  1905 1911 1909                                B 26    GOES                             
31777860305  1948 1958 1952 S00E14SF                       B 60    GOES          4717 8603 6.9      
31777860305  2113 2126 2116                                B 21    GOES                             
31777860305  2129 2134 2132                                B 21    GOES          4717               
31777860305  2307 2337 2320                                B 33    GOES                             
31777860306  0049 0055 0053                                B 20    GOES                             
31777860306  0242 0248 0246                                B 31    GOES                             
31777860306  0412 0428 0417                                C 56    GOES          4717               
31777860306  0900 0912 0903 N02E11SB                       B 45    GOES          4717 8603 7.2      
31777860306  0954 1006 0959                                B 56    GOES                             
31777860306  1637 1757 1702 N02E011F                       C 46    GOES          4717 8603 6.8      
31777860306  2331 2337 2334                                B 34    GOES                             
31777860306  2356 2403 2401                                B 70    GOES                             
31777860307  0004 0014 0006 S00W03SN                       C 20    GOES          4717 8603 6.8      
31777860307  0129 0132 0130 S04W01SN                       B 48    GOES          4717 8603 7.0      
31777860307  0158 0225 0202 N00W05SB                       C 41    GOES          4717 8603 6.7      
31777860307  0800 0810 0805                                B 19    GOES          4717               
31777860307  0943 0948 0945 S02W09SF                       B 19    GOES          4717 8603 6.7      
31777860307  1210 1218 1214                                B 54    GOES                             
31777860307  1253E1303 1255 S03W12SN                       B 61    GOES          4717 8603 6.6      
31777860307  2355 2358 2355 S01W10SF                       B 36    GOES          4717 8603 7.2      
31777860308  0359 0407 0402                                B 15    GOES                             
31777860308  2017 2025 2021                                B 14    GOES                             
31777860309  0112 0123 0112 N03W24SF                       B 19    GOES          4717 8603 7.2      
31777860309  0129 0201 0142                                B 28    GOES                             
31777860309  0950 1005 1000                                B 15    GOES                             
31777860310  0450 0504 0457                                B 28    GOES                             
31777860310  1412 1431 1413 N00W44SN                       B 29    GOES          4717 8603 7.3      
31777860310  2025 2041 2034                                B 20    GOES                             
31777860311  2305 2317 2313                                B 13    GOES                             
31777860312  0614 0621 0618                                B 15    GOES                             
31777860312  0817 0828 0823                                B 16    GOES          4715               
31777860312  0835 0850 0840 N03W65SN                       B 25    GOES          4717 8603 7.5      
31777860314  1315 1327 1322                                B 50    GOES                             
31777860314  1444 1501 1452                                B 10    GOES                             
31777860323  0958 1026 1020                                B 15    GOES                             
31777860323  1014 1026 1020                                B 14    GOES                             
31777860323  1135 1221 1214                                B 22    GOES                             
31777860323  1204 1220 1214                                B 23    GOES                             
31777860329  1201 1208 1205 N02W07SN                       B 14    GOES          4720 860329.0      
31777860331  2108 2132 2121                                B 14    GOES                             
31777860401  0231 0302 0248                                B 10    GOES                             
31777860406  0623 0631 0627                                B 11    GOES                             
31777860406  1640 1734 1705                                B 38    GOES                             
31777860407  0320 0341 0332                                B 64    GOES                             
31777860407  0452 0505 0459                                B 12    GOES                             
31777860407  0748 0755 0751                                B 11    GOES                             
31777860407  1124 1139 1133                                B 96    GOES                             
31777860407  1802 1831 1824                                B 37    GOES                             
31777860414  1037 1044 1041                                B 14    GOES                             
31777860415  1408 1423 1417                                B 11    GOES                             
31777860423  0259 0402 0353                                B 56    GOES          4726               
31777860423  0510 0522D0515 N05E17SN                       B 54    GOES          4726 860424.5      
31777860423  0706 0711 0709                                B 21    GOES                             
31777860423  1401 1417 1407 N02E13SF                       B 64    GOES          4726 860424.5      
31777860423  1520 1526 1523                                B 37    GOES          4726               
31777860423  1711 1722 1712 N02E13SF                       B 88    GOES          4726 860424.7      
31777860423  1806 1845 1827                                B 42    GOES                             
31777860423  2025 2035 2029                                B 71    GOES          4726               
31777860423  2043 2055 2044 N02E10SF                       B 50    GOES          4726 860424.6      
31777860423  2120 2135 2130                                B 55    GOES          4726               
31777860423  2141 2148 2145                                B 57    GOES                             
31777860423  2259 2320 2306                                B 91    GOES                             
31777860423  2303 2345 2338 N03E08SN                       B 73    GOES          4726 860424.5      
31777860423  2352 0000 2353 N02E07SN                       B 90    GOES          4726 860424.5      
31777860424  0039 0120 0042 N03E07SB                       M 11    GOES          4726 860424.5      
31777860424  0150 0214 0150 N03E08SF                       C 15    GOES          4726 860424.7      
31777860424  0345 0428 0347 N04E06SB                       M 12    GOES          4726 860424.6      
31777860424  0445 0505 0500                                B 60    GOES                             
31777860424  0520 0535 0530                                B 60    GOES                             
31777860424  0607 0653 0613 N04E041B                       M 24    GOES          4726 860424.5      
31777860424  0943 0955 0949                                C 11    GOES                             
31777860424  1015 1035 1020                                B 60    GOES          4727               
31777860424  1217 1250 1220 N07E35SB                       C 21    GOES          4727 860427.1      
31777860424  1405 1454 1419 N02W011N                       C 45    GOES          4726 860424.5      
31777860424  1626 1640 1628 N03W00SF                       B 27    GOES          4726 860424.7      
31777860424  2036 2050 2046                                B 46    GOES                             
31777860424  2143 2153 2148                                B 18    GOES                             
31777860424  2248 2253D2249 N07E31SF                       B 70    GOES          4727 860427.3      
31777860425  0540 0548 0545                                B 23    GOES                             
31777860425  0604 0618 0613                                B 37    GOES                             
31777860425  0621 0629 0627                                B 33    GOES                             
31777860425  1541 1549 1544                                B 13    GOES                             
31777860425  1812 1818 1815                                B 13    GOES          4726               
31777860425  2201 2212 2206                                B 16    GOES                             
31777860426  0016 0046 0037                                B 16    GOES                             
31777860426  0201 0209 0205                                B 21    GOES                             
31777860426  0223 0233 0229                                B 27    GOES                             
31777860426  0611 0618 0614                                B 19    GOES                             
31777860426  0659 0715 0703                                B 20    GOES                             
31777860426  0822 0836 0830                                B 20    GOES                             
31777860426  1028 1039 1032                                B 16    GOES                             
31777860426  1415 1422 1420                                B 21    GOES                             
31777860426  1637 1715 1638 N02W281B                       C 62    GOES          4726 860424.6      
31777860426  1752 1759 1755                                B 28    GOES                             
31777860426  1859 1904 1902 N02W29SF                       B 24    GOES          4726 860424.6      
31777860427  0409 0423 0411 N01W34SF                       B 43    GOES          4726 860424.6      
31777860427  0755 0802 0758                                C 16    GOES          4726               
31777860427  1130 1211 1154                                B 31    GOES          4726               
31777860427  1240 1304 1255                                C 12    GOES          4726               
31777860427  1607 1614 1611                                B 20    GOES          4726               
31777860427  1818 1839 1830                                B 29    GOES                             
31777860427  2352 2405 2359                                B 25    GOES                             
31777860428  0101 0116 0104                                B 23    GOES                             
31777860428  0204 0220 0208 N01W48SF                       B 50    GOES          4726 860424.5      
31777860428  0235 0305 0258                                B 49    GOES                             
31777860428  0334 0352 0343                                B 38    GOES                             
31777860428  0617 0626 0617 N05W49SF                       B 30    GOES          4726 860424.6      
31777860428  0748 0755 0752                                B 19    GOES                             
31777860428  1133 1139 1136                                B 17    GOES                             
31777860428  1440 1446 1443                                B 14    GOES                             
31777860429  0425 0435 0428 N04W60SF                       B 10    GOES          4726 860424.7      
31777860429  0815 0848 0830                                B 15    GOES                             
31777860430  0100 0119 0109                                B 22    GOES          4726               
31777860430  0612 0622 0616                                B 11    GOES                             
31777860430  0639 0647 0643                                B 13    GOES                             
31777860430  0657 0702 0700                                B 15    GOES                             
31777860430  0815 0826 0821                                B 12    GOES                             
31777860430  1550 1555 1553                                B 12    GOES                             
31777860430  2117 2128 2121                                B 12    GOES          4727               
31777860501  0107 0114 0111                                B 34    GOES                             
31777860501  0146 0154 0149                                B 18    GOES                             
31777860501  0552 0600 0556 N06W56SF                       B 33    GOES          4727 860427.1      
31777860501  0956 1005 1002                                B 11    GOES                             
31777860501  1105 1113 1109                                B 10    GOES                             
31777860501  1123 1131 1128                                B 11    GOES                             
31777860501  1250 1301 1256                                B 20    GOES                             
31777860501  2251 2301 2256                                B 10    GOES                             
31777860502  0240 0313 0306                                B 10    GOES                             
31777860502  0455 0502 0459                                B 14    GOES                             
31777860502  0523 0539 0530                                B 29    GOES                             
31777860502  0939 0956 0946                                B 31    GOES                             
31777860502  1058 1144 1121 N04W65SF                       B 60    GOES          4727 860427.7      
31777860502  1350 1410 1355 N07W72SN                       C 18    GOES          4727 860427.3      
31777860502  1431 1436 1434                                B 35    GOES                             
31777860502  1510 1555 1542                                B 94    GOES          4727               
31777860502  1623 1631 1627                                B 38    GOES                             
31777860502  1636 1644 1641                                C 12    GOES                             
31777860502  1758 1806 1803                                B 26    GOES                             
31777860502  1910 1923 1918                                B 36    GOES                             
31777860502  1942 1952 1950                                B 25    GOES                             
31777860502  2009 2014 2012                                B 14    GOES                             
31777860502  2020 2030 2024                                B 13    GOES                             
31777860502  2135 2140 2138                                B 18    GOES                             
31777860502  2222 2228 2226                                B 10    GOES                             
31777860502  2359 2410 2407                                B 17    GOES                             
31777860503  0050 0056 0054                                B 21    GOES                             
31777860503  0120 0138 0126                                B 23    GOES                             
31777860503  0300 0305 0303                                B 11    GOES                             
31777860503  0434 0455 0437                                B 10    GOES                             
31777860503  0954 1054 1017                                C 21    GOES                             
31777860503  1934 1949 1941                                B 21    GOES                             
31777860503  1954 2009 1955 N05W68SN                       B 36    GOES          4728 860428.8      
31777860503  2017 2046 2034 N08W891B                       B 43    GOES          4727 860427.3      
31777860503  2305 2325 2321                                B 11    GOES                             
31777860503  2354 2409 2401                                B 14    GOES                             
31777860504  0136 0154 0141                                B 10    GOES                             
31777860504  0519 0530 0524                                B 16    GOES                             
31777860504  0745 0808 0749                                B 14    GOES                             
31777860504  0850 0900 0854                                B 19    GOES                             
31777860504  0939 1039 1007                                M 12    GOES          4727               
31777860504  1628 1744 1701                                B 11    GOES                             
31777860504  1803 1810 1806                                B 10    GOES                             
31777860505  1243 1249 1247                                B 19    GOES                             
31777860505  1345 1352 1350                                B 10    GOES                             
31777860505  1551 1600 1557                                B 23    GOES                             
31777860505  1954 2010 2006                                B 28    GOES                             
31777860505  2213 2304 2250                                B 12    GOES                             
31777860505  2315 2418 2404                                B 25    GOES                             
31777860516  0423 0432 0429                                B 10    GOES                             
31777860517  2221 2257 2233                                B 13    GOES          4729               
31777860518  0345 0401 0353                                B 10    GOES          4729               
31777860518  0513 0522 0517                                B 10    GOES          4729               
31777860518  0529 0538 0534                                B 13    GOES          4729               
31777860518  0604 0614 0609                                B 15    GOES                             
31777860518  0615 0621 0617                                B 14    GOES                             
31777860518  0723 0730 0727                                B 16    GOES                             
31777860518  0927 0934 0930                                B 16    GOES                             
31777860518  1056 1140 1114                                B 19    GOES                             
31777860518  1202 1212 1208                                B 23    GOES                             
31777860518  1313 1323 1317                                B 11    GOES                             
31777860518  1856 1906 1901                                B 15    GOES                             
31777860518  2205 2222 2214                                B 25    GOES                             
31777860519  0039 0057 0048                                B 23    GOES                             
31777860519  0255 0308 0303                                B 17    GOES                             
31777860519  0338 0423 0355                                B 20    GOES                             
31777860519  0446 0504 0453                                B 21    GOES                             
31777860519  0621 0627 0624                                B 13    GOES                             
31777860519  0722 0741 0733                                B 17    GOES                             
31777860519  0806 0836 0820                                B 23    GOES                             
31777860520  1015 1025 1022                                B 13    GOES                             
31777860520  1608 1613 1611                                B 10    GOES                             
31777860520  1912 1921 1916 N06E53SN                       B 23    GOES          4731 860524.8      
31777860520  1952 2006 1953 N07E59SF                       B 13    GOES          4731 860525.2      
31777860520  2022 2027 2025                                B 11    GOES                             
31777860521  0144 0149 0145 N06E49SF                       B 53    GOES          4731 860524.7      
31777860521  0258 0305 0302                                B 14    GOES                             
31777860521  0410 0415 0413                                B 14    GOES                             
31777860522  0208 0215 0210 N09E41SF                       B 25    GOES          4731 860525.2      
31777860523  1430 1441 1436                                B 11    GOES                             
31777860524  2014 2033 2022                                B 16    GOES                             
31777860525  0453 0456 0454                                B 11    GOES                             
31777860525  0503 0509 0507                                B 12    GOES                             
31777860525  0820 0828 0821 N08W06SN                       B 29    GOES          4731 860524.9      
31777860525  0906 0931 0922                                B 40    GOES                             
31777860525  1059 1108 1104                                B 23    GOES                             
31777860525  1212 1236 1219                                B 22    GOES                             
31777860525  1517 1531 1517 N07W08SN                       C 10    GOES          4731 860525.0      
31777860525  1647 1654 1650                                B 14    GOES                             
31777860525  1710 1719 1716                                B 21    GOES                             
31777860525  1905 1911 1908                                B 11    GOES                             
31777860525  1938 1947 1944                                B 14    GOES                             
31777860525  2142 2148 2145                                B 15    GOES                             
31777860525  2155 2211 2159 N06W11SF                       C 11    GOES          4731 860525.1      
31777860525  2215 2228 2223                                B 36    GOES                             
31777860525  2303 2327D2317 N06W11SF                       B 40    GOES          4731 860525.1      
31777860525  2351 0000 0000                                B 41    GOES                             
31777860526  0001E0021 0000 N09W13SF                       B 41    GOES          4731 860525.0      
31777860526  0025 0034 0028 N09W18SF                       B 59    GOES          4731 860524.7      
31777860526  0104 0111 0107                                B 31    GOES                             
31777860526  0220 0232 0229                                B 18    GOES                             
31777860526  0255 0313 0257 N08W19SN                       B 61    GOES          4731 860524.7      
31777860526  0629 0640 0634                                B 13    GOES                             
31777860526  0746 0805 0749 N08W18SF                       B 42    GOES          4731 860525.0      
31777860526  0932 0948 0945                                B 34    GOES                             
31777860526  1123 1133 1130                                B 17    GOES                             
31777860526  1317 1324 1321                                B 11    GOES                             
31777860526  1636 1646D1641 N06W23SF                       B 21    GOES          4731 860525.0      
31777860526  1823 1847 1831 N08W26SF                       C 12    GOES          4731 860524.8      
31777860527  0201 0211 0207                                B 18    GOES                             
31777860527  0757 0805 0802                                B 11    GOES                             
31777860529  0907 0935 0922                                B 13    GOES                             
31777860608  0850 0914 0907                                B 18    GOES                             
31777860627  0013 0407 0108                                B 03    GOES T                           
31777860705  0055 0108 0102                                B 23    GOES                             
31777860705  0409 0433 0416                                B 10    GOES                             
31777860705  0910 0924 0922                                B 13    GOES                             
31777860705  1709 1721 1711 N28W30SF                       B 29    GOES          4734 8607 3.4      
31777860705  1728 1732 1730                                B 15    GOES          4734               
31777860705  1905 1916 1912                                B 17    GOES          4734               
31777860705  2204 2213 2209                                B 12    GOES                             
31777860705  2224 2236 2231                                B 11    GOES                             
31777860705  2349 2412 2402                                B 31    GOES          4734               
31777860706  0954 1003 1000                                B 21    GOES          4734               
31777860706  1116 1123 1119 N02E70SN                       B 12    GOES          4735 860711.7      
31777860706  1635 1703 1643                                B 16    GOES          4735               
31777860706  1848 1922 1916 N01E69SN                       B 18    GOES          4735 860711.9      
31777860706  1942 1954 1949 N00E70SN                       B 16    GOES          4735 860712.0      
31777860706  2002 2023 2017                                B 16    GOES                             
31777860706  2034 2051 2042                                B 20    GOES                             
31777860706  2052 2106 2056 N00E69SN                       B 34    GOES          4735 860712.0      
31777860706  2122 2131 2125                                B 12    GOES          4735               
31777860706  2147 2214 2200                                B 15    GOES          4735               
31777860707  0156 0201 0157 N01E65SF                       B 16    GOES          4735 860711.9      
31777860707  1429 1435 1433                                B 14    GOES          4734               
31777860708  0837 0842 0837 N03E51SF                       B 21    GOES          4735 860712.2      
31777860708  1534 1543 1534 N01E49SF                       B 17    GOES          4735 860712.3      
31777860710  0313 0322 0314 N05W43SF                       B 37    GOES          4736 8607 6.9      
31777860710  0830 0839 0834                                B 10    GOES                             
31777860710  0901 0914 0909                                B 25    GOES                             
31777860710  0925 0937 0933                                B 11    GOES                             
31777860710  1033 1048 1044                                B 12    GOES                             
31777860710  1149 1157 1155                                B 15    GOES                             
31777860710  1342 1350 1346                                C 17    GOES                             
31777860710  1425 1435 1431                                B 43    GOES                             
31777860710  1450 1457 1454                                B 51    GOES                             
31777860710  1540 1600 1554                                B 17    GOES                             
31777860710  1621 1633 1630                                B 22    GOES                             
31777860710  1725 1801 1743                                B 47    GOES                             
31777860710  1843 1912 1855 N08W49SF                       B 51    GOES          4736 8607 7.1      
31777860710  1902 1908 1905                                B 52    GOES                             
31777860710  2000 2013 2004                                B 39    GOES          4736               
31777860710  2022 2039 2029 N07W50SF                       B 71    GOES          4736 8607 7.1      
31777860710  2056 2103 2059                                B 11    GOES                             
31777860710  2234 2240 2237                                B 11    GOES                             
31777860711  0450 0601 0458 N08W55SN                       C 34    GOES          4736 8607 7.1      
31777860711  1414 1421 1418                                B 16    GOES                             
31777860711  1655 1705 1656 N06W63SF                       B 20    GOES          4736 8607 7.0      
31777860712  0336 0344 0336 N01W03SF                       B 12    GOES          4735 860711.9      
31777860712  0416 0425 0418 N06W68SF                       B 51    GOES          4736 8607 7.1      
31777860712  1001 1012 1008                                B 12    GOES                             
31777860712  1227 1244 1229 S02W13SN                       B 10    GOES          4735 860711.5      
31777860712  1824 1829 1827                                B 14    GOES          4736               
31777860712  2238 2246 2242                                B 10    GOES                             
31777860713  0058 0105 0101                                B 56    GOES                             
31777860713  0121 0308 0211                                C 19    GOES                             
31777860713  0352 0410 0401                                C 24    GOES          4736               
31777860713  0910 1017 0912 N06W83SN                       B 10    GOES          4736 8607 7.2      
31777860713  0917 0935 0922                                B 17    GOES          4736               
31777860713  1710 1723 1715                                B 14    GOES          4736               
31777860714  0009 0354 0109 N06W90SN                       C 10    GOES T        4736 8607 7.3      
31777860714  1417 1454 1435                                B 57    GOES                             
31777860714  2355 2401 2358                                B 12    GOES                             
31777860715  1037 1053 1047                                B 72    GOES                             
31777860718  1734 1801 1755                                B 12    GOES                             
31777860719  0459 0508 0500 N06E26SF                       B 31    GOES          4738 860721.1      
31777860720  1138 1146 1140 N09E13SN                       B 19    GOES          4738 860721.5      
31777860721  1958 2027 2011                                B 10    GOES                             
31777860728  1553 1613 1606                                B 14    GOES                             
31777860728  2307 2326 2314                                B 13    GOES                             
31777860729  0415 0424 0420                                B 12    GOES                             
31777860729  0457 0500 0457 N09E65SF                       B 17    GOES          4741 8608 3.1      
31777860729  0536 0543 0539 N07E64SN                       B 21    GOES          4741 8608 3.0      
31777860729  0650 0702 0657                                B 21    GOES                             
31777860729  0716 0729 0723 N09E62SF                       B 15    GOES          4741 8608 2.9      
31777860729  0720 0725 0723                                B 16    GOES          4741               
31777860729  0839 0853 0850                                B 13    GOES          4741               
31777860729  0924 1000 0949                                B 22    GOES          4741               
31777860729  1014 1019 1016                                B 12    GOES          4741               
31777860729  1158 1205 1202                                B 18    GOES          4741               
31777860729  1249 1259 1254                                B 19    GOES          4741               
31777860729  1303 1310 1306                                B 16    GOES          4741               
31777860729  1311 1316 1314                                B 17    GOES          4741               
31777860729  1317 1343 1333                                B 27    GOES          4741               
31777860729  2336 2349 2339 N07E55SN                       B 50    GOES          4741 8608 3.1      
31777860731  1111 1117 1115                                B 23    GOES          4741               
31777860801  1737 1748 1739 N09E15SF                       B 15    GOES          4741 8608 2.8      
31777860803  1020 1045 1040                                B 12    GOES                             
31777860803  1036 1043 1040                                B 11    GOES                             
31777860803  1141 1153 1149                                B 22    GOES                             
31777860803  1305 1315 1307 N07W11SN                       B 16    GOES          4741 8608 2.7      
31777860803  2131 2158 2137 N08W15SN                       B 58    GOES          4741 8608 2.8      
31777860803  2326 2331 2329                                B 12    GOES                             
31777860804  0044 0049 0047                                B 26    GOES                             
31777860804  1522 1534 1532 N09W25SF                       B 10    GOES          4741 8608 2.8      
31777860907  0722 0745 0723 N27E35SF                       B 31    GOES          4745 860910.0      
31777860908  0617 0628 0624                                B 11    GOES                             
31777860908  1643 1655 1644 N30E20SB                       C 26    GOES          4745 860910.3      
31777860908  1806 1818 1811 N30E20SF                       B 16    GOES          4745 860910.3      
31777860914  1207 1226 1217                                B 26    GOES                             
31777860914  1609 1625 1616                                B 21    GOES                             
31777860915  2248 2301 2252                                B 13    GOES                             
31777860916  0059 0120 0108                                B 18    GOES                             
31777860916  0910 0955 0928                                B 85    GOES                             
31777860916  1917 2100 2013                                B 31    GOES                             
31777861006  0824 0833 0830 N35E04SN                       B 46    GOES          4747 8610 6.7      
31777861006  0945 1001 0953 N35E03SF                       B 24    GOES          4747 8610 6.6      
31777861006  1639 1651 1648 N35W01SB                       B 12    GOES          4747 8610 6.6      
31777861006  1655 1701 1659 N34E01SF                       B 33    GOES          4747 8610 6.8      
31777861006  1728 1738 1732 N34E01SF                       B 10    GOES               8610 6.8      
31777861006  1738 1744 1742                                B 22    GOES                             
31777861007  2215 2235 2224 N35W16SF                       B 10    GOES          4747 8610 6.6      
31777861009  2156 2208 2203                                B 20    GOES                             
31777861010  1230 1245 1239                                B 18    GOES                             
31777861011  0524 0543 0536 N36W48SF                       B 93    GOES          4747 8610 7.4      
31777861011  2003 2014 2010                                B 11    GOES                             
31777861011  2016 2028 2023                                B 23    GOES                             
31777861011  2125 2230 2221                                B 13    GOES                             
31777861012  0114 0126 0120                                B 10    GOES                             
31777861012  1644 1702 1653 S04W73SF                       B 20    GOES          4748 8610 7.2      
31777861012  2012 2043 2027                                B 26    GOES                             
31777861013  0009 0014 0011 S04W76SF                       C 11    GOES          4748 8610 7.3      
31777861013  0318 0329 0324                                B 19    GOES                             
31777861013  0414 0457 0428                                B 27    GOES          4748               
31777861013  0752 0803 0758                                B 20    GOES                             
31777861013  0848 0854 0851                                B 28    GOES                             
31777861013  1211 1219 1215                                B 19    GOES                             
31777861013  1333 1340 1337                                B 28    GOES                             
31777861013  1433 1524 1501                                B 36    GOES                             
31777861013  1703 1707 1705                                B 37    GOES                             
31777861013  1723 1730 1724 S05W88SF                       B 95    GOES          4748 8610 7.1      
31777861013  1800 1805 1803                                B 30    GOES                             
31777861013  1912 1916 1914                                B 55    GOES                             
31777861013  1916 1924 1920                                B 65    GOES                             
31777861013  1938 1947 1941                                B 45    GOES                             
31777861013  1956 2006 1959                                B 47    GOES                             
31777861013  2014 2019 2016                                B 39    GOES                             
31777861013  2046 2053 2050                                B 34    GOES                             
31777861013  2057 2104 2100                                B 31    GOES                             
31777861013  2124 2132 2128                                B 50    GOES                             
31777861013  2138 2144 2142                                B 76    GOES                             
31777861013  2244 2248 2246                                B 25    GOES                             
31777861013  2253 2257 2255                                B 26    GOES                             
31777861013  2302 2312 2306                                B 52    GOES                             
31777861013  2329 2335 2332                                B 49    GOES                             
31777861014  0211 0217 0215                                B 42    GOES                             
31777861014  0833 0930 0852                                C 10    GOES                             
31777861014  1143 1222 1159                                C 10    GOES                             
31777861014  1338 1503 1450                                C 22    GOES                             
31777861014  2154 2257 2223                                C 33    GOES          4747               
31777861015  0059 0112 0106                                B 57    GOES          4747               
31777861015  0610 0650 0620                                B 39    GOES                             
31777861015  1236 1336 1255                                B 56    GOES                             
31777861015  2043 2051 2047                                B 29    GOES                             
31777861015  2112 2142 2142                                C 11    GOES                             
31777861016  0357 0405 0402                                B 64    GOES                             
31777861016  0638 0700 0645                                B 49    GOES                             
31777861016  0840 0847 0844                                B 61    GOES                             
31777861016  1000 1012 1004                                B 62    GOES                             
31777861016  1050 1101 1056                                B 76    GOES                             
31777861016  1417 1443 1431                                C 29    GOES                             
31777861016  1623 1628 1626                                B 73    GOES                             
31777861016  1754 1759 1757                                B 50    GOES                             
31777861016  1806 1811 1809                                B 51    GOES                             
31777861016  1828 1837 1831                                B 49    GOES                             
31777861016  2008 2014 2012                                B 72    GOES                             
31777861016  2015 2027 2018                                B 97    GOES                             
31777861016  2201 2218 2204                                C 15    GOES          4750               
31777861017  0046 0055 0051                                C 20    GOES          4750               
31777861017  0202 0207 0205                                B 65    GOES          4750               
31777861017  0343 0526 0424                                C 37    GOES                             
31777861017  1435 1536 1523                                B 62    GOES                             
31777861017  1745 1751 1746 N24E71SN                       B 43    GOES          4750 861023.2      
31777861017  1958 2010 2002 N21E70SF                       B 49    GOES          4750 861023.2      
31777861017  2043 2049 2044 N23E73SN                       B 80    GOES          4750 861023.5      
31777861017  2133 2154 2146                                B 43    GOES                             
31777861018  0012 0017 0012 N22E69SF                       C 20    GOES          4750 861023.3      
31777861018  0029 0039 0032 N19E671N                       C 16    GOES          4750 861023.1      
31777861018  0144 0148 0146 N23E76SF                       B 77    GOES          4750 861023.9      
31777861018  0342 0347 0343 N21E68SF                       C 18    GOES          4750 861023.4      
31777861018  0404 0416 0406 N18E73SF                       C 13    GOES          4750 861023.7      
31777861018  0514 0535 0520                                C 15    GOES                             
31777861018  1202 1255 1247 N20E66SB                       C 11    GOES          4750 861023.5      
31777861018  1812 2224 2224                                B 41    GOES T        4750               
31777861018  2220 2226 2224                                B 40    GOES                             
31777861019  0015 0210 0043 N22E602B                       M 47    GOES          4750 861023.6      
31777861019  0953 1005 0959                                C 11    GOES          4750               
31777861019  1204 1215 1204 N21E53SF                       B 53    GOES          4750 861023.6      
31777861019  1214 1219 1217                                B 62    GOES          4750               
31777861019  1343 1349 1345                                B 48    GOES          4750               
31777861019  1619 1645 1637 N22E49SN                       C 11    GOES          4750 861023.4      
31777861019  1830 1835 1833                                B 38    GOES                             
31777861019  1855 1916 1909                                B 84    GOES                             
31777861019  2003 2009 2006                                B 40    GOES                             
31777861019  2029 2036 2032 N18E581F                       C 15    GOES          4750 861024.3      
31777861019  2110E2128 2115 N21E48SN                       C 52    GOES          4750 861023.6      
31777861019  2319 2326 2324                                B 46    GOES                             
31777861020  0049 0051 0050                                B 38    GOES                             
31777861020  0323 0331 0325 N22E45SF                       C 11    GOES          4750 861023.6      
31777861020  0756 0808 0759 N22E431N                       C 16    GOES          4750 861023.6      
31777861020  1447E1456 1448 N22E41SF                       B 42    GOES          4750 861023.8      
31777861020  1630 1645 1632 N24E36SN                       B 91    GOES          4750 861023.5      
31777861020  1910 1918 1911 N26E41SF                       B 60    GOES          4750 861024.0      
31777861021  0842 0911 0849 N25E33SF                       B 67    GOES          4750 861023.9      
31777861022  1637 1641 1640                                B 26    GOES                             
31777861022  1826 1831 1829                                B 27    GOES                             
31777861022  1903 1923 1903 N22E08SF                       B 64    GOES          4750 861023.4      
31777861022  1946 1948 1947                                B 45    GOES                             
31777861022  2121 2126 2125                                B 44    GOES                             
31777861022  2342 2345 2344                                B 30    GOES                             
31777861022  2353 2413 2357 N25E13SF                       B 41    GOES          4750 861024.0      
31777861023  0103 0135 0106 N24E12SN                       C 19    GOES          4750 861024.0      
31777861023  0229 0241 0230 N24E10SF                       B 30    GOES          4750 861023.9      
31777861023  0401 0419 0402 N24E06SN                       B 58    GOES          4750 861023.6      
31777861023  0958 1014 1000 S25E42SN                       B 62    GOES          4751 861026.7      
31777861023  1528 1532 1531                                B 43    GOES                             
31777861023  1619 1702 1629 S27E38SF                       B 39    GOES          4751 861026.6      
31777861023  1710 1735 1713 N25E06SN                       B 78    GOES          4750 861024.2      
31777861023  1813 1824 1814 N25E03SF                       B 62    GOES          4750 861024.0      
31777861023  1850 1853 1852                                B 43    GOES                             
31777861023  2323 2341 2334 S15E43SF                       B 51    GOES          4752 861027.2      
31777861024  0121 0149 0126 N23W04SF                       B 57    GOES          4750 861023.7      
31777861024  0249 0254 0252                                B 38    GOES                             
31777861024  0424 0454 0430 N25W02SF                       B 77    GOES          4750 861024.0      
31777861024  0519 0610 0538 N25W031N                       C 14    GOES          4750 861024.0      
31777861024  1239 1244 1242                                C 24    GOES                             
31777861024  1848 1857D1849 N22W14SF                       B 50    GOES          4750 861023.7      
31777861024  2006 2026 2008 N22W15SF                       B 51    GOES          4750 861023.7      
31777861024  2323 2345 2324 N23W14SF                       B 70    GOES          4750 861023.9      
31777861025  0120 0131 0120 N22W17SN                       B 53    GOES          4750 861023.7      
31777861025  0353 0401 0354 N25W16SF                       B 28    GOES          4750 861023.9      
31777861025  0424 0435 0424 N22W17SN                       B 62    GOES          4750 861023.9      
31777861025  0608 0623 0608 N26W171B                       C 41    GOES          4750 861023.9      
31777861025  0716 0742 0723 N26W17SF                       B 73    GOES          4750 861024.0      
31777861025  0832 0834 0833                                B 31    GOES                             
31777861025  1337 1340 1339                                B 25    GOES                             
31777861025  1518 1628 1619 N21W24SN                       B 59    GOES          4750 861023.8      
31777861025  1620 1626 1620 N22W26SF                       B 44    GOES          4750 861023.7      
31777861026  0044 0047 0046                                B 39    GOES                             
31777861026  0127 0130 0129                                B 33    GOES                             
31777861026  0153 0202 0153 N24W29SF                       B 45    GOES          4750 861023.8      
31777861026  0256 0303 0257 N26W28SF                       B 42    GOES          4750 861023.9      
31777861026  0347 0353 0347 N25W29SF                       B 36    GOES          4750 861023.9      
31777861026  0704 0723 0714                                B 64    GOES                             
31777861026  1253 1257 1256                                B 43    GOES                             
31777861026  1501 1504 1503                                B 28    GOES                             
31777861027  0303 0314 0307 N24W42SF                       B 47    GOES          4750 861023.9      
31777861027  0445 0450 0448                                B 46    GOES                             
31777861027  1056 1153 1125 N21W48SN                       B 36    GOES          4750 861023.8      
31777861027  1217 1220 1219                                B 32    GOES                             
31777861027  1441 1443 1442                                B 31    GOES                             
31777861027  2109 2118 2111 N23W53SF                       B 28    GOES          4750 861023.8      
31777861028  1112 1115 1114                                B 30    GOES                             
31777861028  1309 1410 1311 S27W23SN                       B 33    GOES          4751 861026.7      
31777861028  1613 1622 1613 S21E29SF                       B 29    GOES          4753 861030.9      
31777861028  1950 2001 1951 N22W61SF                       B 27    GOES          4750 861024.1      
31777861028  2010 2018 2014                                B 79    GOES                             
31777861028  2125 2133 2126 N22W61SF                       C 12    GOES          4750 861024.2      
31777861029  0354 0358 0357                                B 35    GOES                             
31777861029  0428 0432 0431                                B 38    GOES                             
31777861029  0618 0622 0621                                B 50    GOES                             
31777861029  0628 0631 0630                                B 62    GOES                             
31777861029  0828 0833 0831                                B 37    GOES                             
31777861029  0956 0959 0958                                B 29    GOES                             
31777861029  1504 1512 1505 N03E49SF                       B 25    GOES          4754 8611 2.3      
31777861029  1535 1544 1540                                B 39    GOES                             
31777861029  1744 1746 1745                                B 23    GOES                             
31777861029  1857 1907D1901 S17W38SF                       B 72    GOES          4752 861026.9      
31777861029  2048 2051 2050 S17W41SF                       B 29    GOES          4752 861026.7      
31777861029  2336 2351 2347                                B 40    GOES                             
31777861030  0018 0021 0020                                B 51    GOES                             
31777861030  0034 0036 0035                                B 60    GOES                             
31777861030  0439 0451 0440 S21E10SF                       B 39    GOES          4753 861031.0      
31777861030  0840 0843 0842                                B 41    GOES                             
31777861030  0908 0912 0911                                B 51    GOES                             
31777861030  0953 1001 0958                                C 10    GOES                             
31777861030  1006 1009 1008                                C 10    GOES                             
31777861030  1019 1022 1021                                B 42    GOES                             
31777861030  1045 1048 1047                                B 93    GOES                             
31777861030  1348 1359 1349 S29W51SN                       B 44    GOES          4751 861026.6      
31777861030  1714 1719 1715 N02E51SN                       B 40    GOES          4755 8611 3.5      
31777861030  2002 2006 2005                                B 34    GOES                             
31777861031  0357 0413 0359 N02E43SF                       B 37    GOES          4755 8611 3.4      
31777861031  0957 1021 1020                                B 68    GOES                             
31777861031  1948 1956 1952                                B 50    GOES                             
31777861031  2059 2400D2215                                C 18    GOES                             
31777861101  0544 0559 0545 N02E21SF                       B 79    GOES          4754 8611 2.8      
31777861101  0758 0929D0905 S00E121F                       C 31    GOES          4754 8611 2.2      
31777861102  0420 0426 0423                                B 16    GOES                             
31777861102  0520 0653 0626                                B 51    GOES                             
31777861102  0630 0700 0635                                B 43    GOES                             
31777861102  0730 0741 0736 N04E15SN                       C 11    GOES          4755 8611 3.4      
31777861102  0908 0929 0917                                B 39    GOES                             
31777861102  1039 1051 1040 S03E05SF                       B 53    GOES          4754 8611 2.8      
31777861102  1720 1735 1729                                B 22    GOES                             
31777861103  0215 0219 0217                                B 18    GOES                             
31777861104  0015 0018 0017                                B 19    GOES                             
31777861104  0410 0422 0412 N02W10SF                       B 18    GOES          4755 8611 3.4      
31777861104  0702 0709 0703 N03W11SF                       B 28    GOES          4755 8611 3.5      
31777861104  0901 0911 0906                                B 20    GOES                             
31777861104  1017 1026 1023                                B 21    GOES                             
31777861104  1101 1108 1106                                B 16    GOES                             
31777861104  1819 1844 1833                                B 64    GOES                             
31777861104  2208 2210 2209                                B 16    GOES                             
31777861105  1015 1018 1017                                B 12    GOES                             
31777861105  1032 1038 1036                                B 19    GOES                             
31777861105  1215 1220 1215 N03W27SF                       B 28    GOES          4755 8611 3.5      
31777861105  1343 1346 1345                                B 14    GOES                             
31777861105  2128 2219 2136 N01W32SN                       B 23    GOES          4755 8611 3.5      
31777861105  2245 2303 2248 N02W35SF                       B 28    GOES          4755 8611 3.3      
31777861105  2350 2404 2355 N02W33SF                       B 23    GOES          4755 8611 3.5      
31777861106  0221 0246 0237 N02W34SF                       B 22    GOES          4755 8611 3.5      
31777861106  0532 0551 0538 N01W36SF                       C 10    GOES          4755 8611 3.5      
31777861106  0658 0700 0659                                B 11    GOES                             
31777861106  0818 0841 0820 N02W37SF                       B 53    GOES          4755 8611 3.6      
31777861106  1423 1440 1424 N04W36SF                       B 15    GOES          4755 8611 3.9      
31777861106  1456E1507 1457 N01W40SF                       B 24    GOES          4755 8611 3.6      
31777861106  1704 1756 1733 N02W47SN                       B 48    GOES          4755 8611 3.2      
31777861106  1813 1821 1815 S00W55SF                       B 40    GOES          4754 8611 2.6      
31777861106  1933 1944 1939 N02W48SF                       B 31    GOES          4755 8611 3.2      
31777861106  2200 2220 2203 N01W45SN                       B 56    GOES          4755 8611 3.5      
31777861106  2324 2335 2330                                B 18    GOES                             
31777861107  0200 0213 0202 N01W58SF                       B 53    GOES          4754 8611 2.7      
31777861107  0624 0632 0625 N03W49SF                       B 17    GOES          4755 8611 3.6      
31777861107  0625 0629 0628                                B 26    GOES                             
31777861107  1823 1836 1827                                B 11    GOES                             
31777861108  0628 0639 0634 N03W63SF                       B 32    GOES               8611 3.6      
31777861108  2331 2351 2340                                B 10    GOES                             
31777861109  0303 0316 0310                                B 75    GOES                             
31777861109  2047 2056 2052                                B 14    GOES                             
31777861110  0130 0140 0137                                B 18    GOES                             
31777861110  0543 0600 0553                                B 28    GOES                             
31777861112  1841 1859 1849                                B 20    GOES                             
31777861113  0932 0951 0944                                C 13    GOES          4757               
31777861113  1112 1124 1117                                B 14    GOES          4757               
31777861113  1209 1245 1235                                B 25    GOES          4757               
31777861113  1656 1734 1719                                C 41    GOES          4757               
31777861114  1413 1422 1417                                B 11    GOES                             
31777861117  0812 0819 0812 N26E49SF                       B 11    GOES          4757 861121.1      
31777861119  0226 0227 0226 N24E20SF                       B 38    GOES          4757 861120.6      
31777861120  0858 0944 0916 N25E09SF                       C 16    GOES          4757 861121.1      
31777861125  2313 2320 2318                                B 12    GOES                             
31777861128  1154 1211 1200 S03E22SF                       B 14    GOES               861130.1      
31777861209  0835 0957 0917                                C 13    GOES                             
31777861210  0256 0303 0258 S27E75SF                       B 13    GOES          4761 861216.0      
31777861210  0352 0404 0403                                B 17    GOES                             
31777861210  1406 1437 1425                                C 11    GOES                             
31777861212  2151 2209 2154 S31E46SF                       B 32    GOES          4761 861216.5      
