31777090109  2358 0005 0003                                B 40    GOES 7.6E-05 11010
31777090110  0047 0055 0051                                B 12    GOES 4.0E-05 11010
31777090110  0233 0239 0236                                B 10    GOES 2.3E-05 11010
31777090210  2300 2342 2311                                B 13    GOES 2.8E-04 11012
31777090212  1610 1631 1619                                B 41    GOES 3.5E-04 11012
31777090213  0535 0604 0547                                B 23    GOES 3.2E-04
31777090326  0138 0149 0143                                B 18    GOES 8.6E-05
31777090326  0212 0219 0216                                B 35    GOES 8.4E-05
31777090501  0854 0900 0858                                B 22    GOES 4.3E-05
31777090508  2122 2130 2127                                B 18    GOES 6.1E-05
31777090509  0128 0137 0133                                B 15    GOES 5.9E-05
31777090510  0300 0307 0304                                B 14    GOES 3.8E-05
31777090510  1212 1221 1216                                B 12    GOES 4.8E-05
31777090601  0804 0815 0807                                B 11    GOES 5.4E-05
31777090602  0630 0647 0639                                B 11    GOES 1.1E-04
31777090603  0005 0011 0008                                B 10    GOES 3.2E-05
31777090603  0740 0751 0744                                B 13    GOES 6.5E-05
31777090603  1831 1840 1837                                B 15    GOES 6.6E-05
31777090606  0317 0333 0323                                B 26    GOES 1.8E-04
31777090703  2305 2310 2308                                B 13    GOES 2.8E-05 11024
31777090703  2349 2358 2354                                B 32    GOES 1.1E-04 11024
31777090704  0102 0126 0119                                B 36    GOES 3.0E-04 11024
31777090704  0208 0220 0213 S27E15SF                       B 47    GOES 2.2E-04 11024
31777090704  0246 0307 0304                                B 37    GOES 2.7E-04
31777090704  0429 0442 0437 S26E11SF                       B 83    GOES 4.3E-04 11024
31777090704  0600 0613 0606                                B 21    GOES 1.2E-04 11024
31777090704  0748 0756 0752                                B 28    GOES 8.9E-05 11024
31777090704  0941 0946 0944                                B 12    GOES 2.8E-05 11024
31777090704  1159 1214 1207                                B 31    GOES 1.9E-04 11024
31777090704  1231 1238 1234                                B 20    GOES 7.4E-05 11024
31777090704  1340 1357 1355                                B 53    GOES 2.4E-04 11024
31777090704  1503 1512 1508 S27E06SF                       B 48    GOES 1.4E-04 11024
31777090704  1611 1616 1614                                B 15    GOES 2.7E-05 11024
31777090704  2201 2215 2209                                B 59    GOES 3.0E-04 11024
31777090705  0053 0100 0056                                B 11    GOES 3.5E-05
31777090705  0106 0129 0115                                B 59    GOES 5.4E-04
31777090705  0208 0217 0213                                B 22    GOES 9.5E-05
31777090705  0441 0450 0447                                B 23    GOES 7.4E-05
31777090705  0451 0508 0501                                B 22    GOES 2.0E-04
31777090705  0608 0621 0614                                B 51    GOES 2.4E-04
31777090705  0707 0718 0713 S27W02SF                       C 27    GOES 9.5E-04 11024
31777090705  0934 0950 0937                                B 30    GOES 1.9E-04
31777090705  1053 1100 1057                                B 12    GOES 4.3E-05
31777090705  1105 1113 1109                                B 50    GOES 1.7E-04
31777090705  1245 1255 1250                                B 35    GOES 1.9E-04
31777090705  1542 1604 1547                                B 14    GOES 1.5E-04
31777090705  1638 1654 1649                                B 18    GOES 1.3E-04
31777090705  1734 1746 1737                                B 10    GOES 6.0E-05
31777090706  0220 0228 0226                                B 15    GOES 5.0E-05
31777090706  0402 0409 0406                                B 15    GOES 4.3E-05
31777090706  1659 1711 1705 S25W23SF                       C 10    GOES 4.0E-04 11024
31777090707  2158 2214 2206                                B 12    GOES 1.1E-04
31777090707  2341 2347 2344                                B 10    GOES 3.0E-05
31777090708  0132 0139 0136                                B 12    GOES 4.2E-05
31777090708  0524 0535 0529                                B 44    GOES 1.7E-04
31777090908  1701 1710 1705                                B 22    GOES 8.1E-05 11025
31777090921  1251 1302 1256                                B 11    GOES 5.8E-05 11026
31777090922  1054 1101 1057                                B 36    GOES 9.2E-05 11026
31777090922  2031 2047 2041                                B 42    GOES 2.8E-04 11026
31777090924  0016 0024 0020                                B 11    GOES 4.5E-05 11026
31777090924  2341 0002 2353 S32E28SF                       B 26    GOES 2.5E-04 11026
31777090925  0047 0116 0102                                C 20    GOES 2.3E-03 11026
31777090925  0854 0903 0858                                B 11    GOES 4.9E-05 11027
31777091001  0247 0303 0255                                B 70    GOES 4.5E-04 11027
31777091024  1951 2017 1959                                B 16    GOES 2.0E-04
31777091024  2058 2109 2105                                B 11    GOES 6.4E-05
31777091024  2110 2118 2114                                B 49    GOES 1.5E-04
31777091024  2145 2153 2149                                B 20    GOES 7.9E-05
31777091025  0210 0237 0226                                C 15    GOES 1.5E-03 11029
31777091025  0505 0512 0508                                B 10    GOES 3.2E-05
31777091025  0531 0651 0616                                B 32    GOES 1.1E-03
31777091025  0859 0940 0915                                B 85    GOES 1.6E-03
31777091025  1248 1302 1253                                B 21    GOES 1.3E-04
31777091025  1403 1450 1422                                B 22    GOES 3.9E-04
31777091025  2021 2048 2035                                A 75    GOES 7.6E-05
31777091026  0544 0617 0608                                B 20    GOES 3.4E-04
31777091026  0625 0636 0630                                B 17    GOES 1.0E-04
31777091026  0656 0703 0700                                B 18    GOES 6.7E-05
31777091026  0750 0759 0753                                B 10    GOES 4.6E-05
31777091026  0824 0833 0827                                B 10    GOES 4.8E-05
31777091026  0836 0842 0839                                B 10    GOES 3.4E-05
31777091026  0856 0911 0901                                B 15    GOES 1.0E-04
31777091026  1144 1209 1152                                B 17    GOES 2.1E-04
31777091026  1314 1338 1326                                B 41    GOES 4.9E-04
31777091026  1438 1456 1448                                B 17    GOES 1.4E-04
31777091026  1522 1532 1526                                B 17    GOES 8.9E-05
31777091026  1644 1650 1647                                B 24    GOES 7.6E-05
31777091026  1705 1719 1715                                B 46    GOES 3.1E-04
31777091026  1811 1825 1818                                B 38    GOES 2.7E-04
31777091026  1838 1911 1906 N16W29SF                       C 12    GOES 1.3E-03 11029
31777091026  1953 2000 1957 N16W30SF                       B 29    GOES 1.1E-04 11029
31777091026  2023 2035 2030                                B 42    GOES 2.6E-04
31777091026  2052 2107 2057                                B 30    GOES 2.5E-04
31777091026  2134 2157 2151                                B 59    GOES 5.2E-04
31777091026  2235 2253 2250 N16W30SF                       C 13    GOES 8.2E-04 11029
31777091026  2321 2328 2325                                B 44    GOES 1.1E-04
31777091026  2329 2335 2333 N15W28SF                       C 10    GOES 2.1E-04 11029
31777091026  2338 2349 2345                                B 41    GOES 2.3E-04
31777091026  2351 2358 2354                                B 45    GOES 1.7E-04
31777091027  0008 0020 0013                                B 60    GOES 3.2E-04
31777091027  0039 0047 0043                                B 41    GOES 1.5E-04
31777091027  0149 0157 0153                                B 84    GOES 2.3E-04
31777091027  0259 0318 0306                                B 36    GOES 3.0E-04
31777091027  0429 0439 0435                                B 40    GOES 1.9E-04
31777091027  0449 0510 0500                                C 12    GOES 1.1E-03
31777091027  0705 0730 0724 N15W34SF                       C 12    GOES 6.6E-04 11029
31777091027  0805 0835 0827                                B 48    GOES 7.3E-04
31777091027  0857 0934 0924                                C 17    GOES 1.7E-03
31777091027  0955 1004 0959                                B 68    GOES 3.3E-04
31777091027  1012 1034 1021                                C 14    GOES 1.6E-03
31777091027  1055 1107 1100                                C 11    GOES 7.1E-04
31777091027  1140 1151 1146                                B 50    GOES 2.9E-04
31777091027  1152 1200 1155                                B 53    GOES 2.3E-04
31777091027  1307 1315 1311                                B 83    GOES 2.3E-04
31777091027  1500 1507 1503                                B 13    GOES 4.1E-05
31777091027  1538 1554 1550                                B 52    GOES 2.6E-04
31777091027  1721 1730 1726 N14W40SF                       B 82    GOES 2.4E-04 11029
31777091027  1901 1913 1906 N18W45SF                       B 17    GOES 9.3E-05 11029
31777091027  1935 1947 1938                                B 64    GOES 3.0E-04
31777091027  2015 2027 2023                                B 69    GOES 2.4E-04
31777091027  2212 2223 2217                                B 10    GOES 6.2E-05
31777091027  2339 2352 2348                                B 35    GOES 1.5E-04
31777091028  0045 0056 0053 N19W47SF                       C 22    GOES 7.0E-04 11029
31777091028  0245 0252 0249                                B 17    GOES 5.5E-05
31777091028  0303 0318 0313                                B 51    GOES 2.2E-04
31777091028  1014 1034 1022                                B 22    GOES 2.1E-04
31777091028  1831 1848 1841                                B 18    GOES 1.5E-04
31777091028  1935 1942 1940                                B 27    GOES 6.9E-05
31777091028  2032 2050 2042                                B 13    GOES 1.2E-04
31777091028  2147 2156 2151                                B 10    GOES 5.2E-05
31777091029  0230 0248 0243                                B 11    GOES 1.1E-04
31777091029  2233 2249 2240                                B 20    GOES 1.5E-04 11029
31777091030  0009 0042 0026                                B 25    GOES 3.9E-04 11029
31777091030  2043 2050 2048                                B 17    GOES 5.0E-05 11029
31777091031  0923 0943 0935                                C 10    GOES 1.0E-03 11029
31777091031  1512 1554 1524                                B 30    GOES 6.5E-04 11029
31777091101  0108 0227 0139                                B 41    GOES 1.6E-03 11029
31777091117  1256 1302 1259                                B 15    GOES 3.1E-05      
31777091209  2004 2025 2017                                B 23    GOES                             
31777091210  1056 1059 1057                                C 34    GOES                             
31777091210  1445 1456 1452                                B 14    GOES                             
31777091213  0917 0928 0925                                B 14    GOES         11034               
31777091213  1658 1705 1702                                B 18    GOES 4.8E-05                     
31777091213  1749 1754 1752                                B 10    GOES 1.5E-05                     
31777091213  1838 1845 1843                                B 15    GOES 4.0E-05 11034               
31777091213  1959 2005 2002                                B 10    GOES 2.3E-05 11034               
31777091214  0844 0850 0848                                B 14    GOES 3.2E-05 11035               
31777091214  0855 0900 0858                                B 17    GOES 2.8E-05                     
31777091214  1811 1821 1815 N29E11SF                       B 14    GOES 5.8E-05 11035               
31777091214  1948 2025 2017                                B 27    GOES         11035               
31777091214  2335 2342 2339                                B 41    GOES 1.1E-04 11035               
31777091215  0039 0057 0046                                B 12    GOES 1.0E-04 11035               
31777091215  0401 0415 0406                                B 10    GOES 6.8E-05 11035               
31777091215  1114 1120 1117                                B 10    GOES 2.2E-05                     
31777091215  1254 1259 1257                                B 12    GOES 2.0E-05                     
31777091215  1328 1339 1334                                B 13    GOES 6.4E-05                     
31777091215  1514 1532 1520                                B 20    GOES 1.6E-04 11035               
31777091215  2317 2337 2323                                B 27    GOES 2.8E-04                     
31777091216  0102 0135 0124 N30W06SF                       C 53    GOES 4.9E-04 11035               
31777091216  0317 0326 0320                                B 64    GOES 2.4E-04                     
31777091216  0725 0734 0728                                B 30    GOES 1.0E-04                     
31777091216  0745 0816 0801                                B 69    GOES 9.0E-04                     
31777091216  0834 0839 0837 N31W09SF                       B 86    GOES 8.6E-05 11035               
31777091216  1028 1042 1036                                B 78    GOES 3.5E-04                     
31777091216  1101 1107 1104                                B 39    GOES 8.0E-05                     
31777091216  1236 1320 1302                                C 37    GOES 4.8E-03 11035               
31777091216  2135 2225 2149 N29W17SF                       C 14    GOES         11035               
31777091217  0306 0316 0310                                B 51    GOES 2.3E-04                     
31777091217  0712 0718 0715                                B 46    GOES 1.0E-04                     
31777091217  0933 0941 0937                                B 70    GOES 2.0E-04                     
31777091217  1152 1159 1156                                B 46    GOES 1.1E-04                     
31777091217  1501 1517 1513 N28W28SF                       B 97    GOES 5.4E-04 11035               
31777091217  1656 1703 1700                                B 25    GOES 6.6E-05                     
31777091217  2112 2128 2121                                B 24    GOES 1.8E-04 11035               
31777091218  0109 0158 0132                                B 20    GOES 4.6E-04 11035               
31777091218  0204 0217 0213                                B 56    GOES 2.5E-04 11035               
31777091218  0429 0439 0433                                B 31    GOES 1.3E-04 11035               
31777091218  0745 0752 0748                                B 25    GOES 6.1E-05 11035               
31777091218  1030 1044 1038                                B 22    GOES 1.4E-04 11035               
31777091218  1116 1125 1122                                B 18    GOES 7.1E-05 11035               
31777091218  1404 1416 1410                                B 31    GOES 1.6E-04                     
31777091218  1610 1631 1623                                B 51    GOES 4.3E-04 11035               
31777091218  1659 1706 1703                                B 25    GOES 7.0E-05 11035               
31777091218  1820 1830 1827                                B 54    GOES 2.3E-04 11035               
31777091218  1848 1858 1855                                C 76    GOES 2.0E-03 11035               
31777091218  1917 1923 1920                                B 28    GOES 6.4E-05 11035               
31777091218  2032 2042 2038                                B 27    GOES 1.1E-04 11035               
31777091218  2116 2127 2124                                B 36    GOES 1.5E-04 11035               
31777091218  2158 2205 2202                                B 19    GOES 5.1E-05 11035               
31777091218  2337 2345 2343                                B 20    GOES 6.5E-05                     
31777091218  2353 0001 2358                                B 31    GOES 9.8E-05                     
31777091219  0010 0017 0014 N30W46SF                       C 29    GOES 6.0E-04 11035               
31777091219  0049 0055 0053                                B 23    GOES 5.0E-05                     
31777091219  0104 0112 0109                                B 74    GOES 1.8E-04                     
31777091219  0136 0155 0153 N31W45SF                       B 91    GOES 3.2E-04 11035               
31777091219  0648 0656 0653                                B 14    GOES 4.7E-05                     
31777091219  0716 0722 0719                                B 12    GOES 2.7E-05                     
31777091219  1030 1039 1035                                B 15    GOES 6.0E-05                     
31777091219  1108 1119 1113                                B 66    GOES 2.8E-04                     
31777091220  1140 1149 1145                                B 15    GOES 6.2E-05                     
31777091220  1416 1425 1420                                B 23    GOES 1.2E-04                     
31777091220  1540 1546 1543                                B 19    GOES 2.2E-04                     
31777091220  1737 1743 1741                                B 16    GOES 3.5E-05                     
31777091220  2027 2037 2031                                B 26    GOES 1.1E-04                     
31777091220  2320 2330 2324                                B 27    GOES 1.1E-04                     
31777091221  0108 0116 0113                                B 16    GOES 5.4E-05                     
31777091221  0137 0146 0142                                B 18    GOES 6.7E-05                     
31777091221  0155 0204 0159                                B 29    GOES 9.4E-05                     
31777091221  0709 0722 0717                                C 25    GOES 1.0E-03                     
31777091221  0916 0932 0926                                C 10    GOES 6.2E-04                     
31777091221  1026 1048 1040                                B 39    GOES 3.9E-04                     
31777091221  1102 1124 1111                                B 86    GOES 8.7E-04                     
31777091221  1159 1204 1202                                B 61    GOES 9.4E-05                     
31777091221  1255 1307 1302                                B 29    GOES 1.4E-04                     
31777091221  1428 1512 1456                                B 84    GOES 1.5E-03                     
31777091221  1904 1909 1907                                B 16    GOES 2.4E-05                     
31777091221  2334 2340 2338                                B 41    GOES 7.5E-05                     
31777091222  0047 0054 0051                                B 17    GOES 4.6E-05                     
31777091222  0145 0151 0149                                B 23    GOES 4.1E-05                     
31777091222  0304 0309 0307                                B 13    GOES 2.2E-05                     
31777091222  0356 0404 0401                                B 52    GOES 1.3E-04                     
31777091222  0450 0500 0456 S26W46SF                       C 72    GOES 2.3E-03 11036               
31777091222  1125 1134 1129                                B 45    GOES 1.7E-04                     
31777091222  1317 1325 1321                                B 27    GOES 9.3E-05                     
31777091222  1400 1420 1410                                C 10    GOES 8.5E-04                     
31777091222  1510 1535 1526                                C 11    GOES 1.2E-03                     
31777091222  1735 1820 1810                                B 45    GOES 8.5E-04                     
31777091222  2023 2032 2027                                C 13    GOES 9.9E-04                     
31777091222  2145 2235 2226                                C 10    GOES 1.5E-03                     
31777091223  0336 0405 0356 N16W55SF                       B 86    GOES 9.4E-04 11038               
31777091223  0945 0954 0951                                B 16    GOES 6.1E-05                     
31777091223  1009 1020 1017 S28W61SF                       C 64    GOES 2.0E-03 11036               
31777091223  1126 1146 1133                                B 32    GOES 3.0E-04                     
31777091223  1241 1250 1248                                B 35    GOES 1.1E-04                     
31777091225  2313 2340 2326 S28E55SF                       B 10    GOES 1.4E-04 11039               
31777091226  0725 0739 0730                                B 14    GOES 8.6E-05 11039               
31777091226  0854 0920 0910                                B 19    GOES 2.3E-04 11039               
31777091226  1217 1223 1220                                B 10    GOES 2.2E-05 11039               
31777091226  1651 1705 1657                                B 48    GOES 2.6E-04 11039               
31777091226  1809 1815 1812                                B 17    GOES 3.7E-05 11039               
31777091226  1838 1848 1843                                B 46    GOES 1.7E-04 11039               
31777091227  0721 0733 0730                                B 29    GOES 9.5E-05 11039               
31777091227  1128 1157 1139                                B 76    GOES 9.1E-04 11039               
31777091230  2241 2247 2245                                B 28    GOES 1.1E-04                     
31777091230  2348 2353 2351                                B 23    GOES 3.0E-05                     
31777091230  2354 0008 0002                                B 16    GOES 1.0E-04                     
31777091231  0042 0100 0048                                B 26    GOES 2.5E-04                     
31777091231  0107 0116 0112                                B 31    GOES 1.1E-04                     
31777091231  0330 0439 0417                                B 26    GOES 8.0E-04                     
31777091231  0742 0750 0747                                B 29    GOES 8.8E-05                     
31777091231  1024 1029 1027                                B 19    GOES 2.9E-05                     
31777091231  1054 1106 1059                                B 16    GOES 9.3E-05                     
31777091231  1115 1131 1120                                B 19    GOES 1.6E-04                     
31777091231  1429 1451 1432                                B 13    GOES 1.4E-04                     
31777091231  1537 1546 1542                                B 15    GOES 6.1E-05                     
31777091231  1902 1910 1906                                B 18    GOES 5.7E-05                     
