31777160101  0438 0451 0441                                B 62    G15  3.6E-04                               
31777160101  0633 0643 0638 S19W67                         C 23    G15  8.4E-04 12473 151227.1                
31777160101  0936 0956 0948 S19W71                         C 24    G15  2.0E-03 12473 151226.9                
31777160101  1730 1743 1736                                B 84    G15  4.7E-04                               
31777160101  2018 2023 2021                                B 54    G15  8.8E-05                               
31777160101  2225 2233 2230                                C 27    G15  7.0E-04                               
31777160101  2310 0101 0011                                M 23    G15  1.1E-01                               
31777160103  2020 2027 2024 S11E40                         B 47    G15  1.3E-04 12476 160106.8                
31777160104  0617 0624 0621                                B 41    G15  1.1E-04                               
31777160105  1632 1659 1648                                B 38    G15  5.7E-04                               
31777160105  2333 2338 2337                                B 62    G15  2.0E-04                               
31777160106  0014 0037 0025                                B 44    G15  5.5E-04                               
31777160106  0327 0403 0348                                B 66    G15  1.1E-03                               
31777160106  0613 0620 0616                                B 56    G15  1.4E-04                               
31777160106  0920 0928 0925                                B 82    G15  2.4E-04                               
31777160106  1131 1139 1137                                C 18    G15  3.3E-04                               
31777160106  1444 1446 1445                                B 93    G15  1.4E-04                               
31777160106  1925 1934 1930                                B 68    G15  2.5E-04                               
31777160106  2147 2217 2200                                B 70    G15  1.1E-03                               
31777160106  2300 2323 2309                                B 58    G15  7.3E-04                               
31777160107  0145 0151 0148                                B 60    G15  1.2E-04                               
31777160107  0239 0244 0242                                B 70    G15  1.1E-04                               
31777160107  0348 0359 0352                                B 81    G15  3.8E-04                               
31777160107  0611 0623 0617                                C 10    G15  5.1E-04                               
31777160107  1236 1241 1239 N03E71                         B 42    G15  6.4E-05 12480 160112.8                
31777160108  0004 0028 0021                                B 42    G15  5.2E-04                               
31777160108  0409 0418 0414                                B 45    G15  1.7E-04                               
31777160108  1123 1141 1131 N03W03                         B 85    G15  6.9E-04       160108.2                
31777160110  1709 1717 1713                                B 42    G15  1.4E-04                               
31777160111  1118 1124 1121                                B 40    G15  8.6E-05                               
31777160111  1700 1733 1714                                B 44    G15  8.3E-04                               
31777160111  2041 2136 2114                                B 48    G15  1.4E-03                               
31777160112  0903 0912 0907                                B 68    G15  2.3E-04                               
31777160112  1339 1409 1353 N02W00                         B 53    G15  7.5E-04 12480 160112.5                
31777160112  1919 1954 1931                                B 33    G15  6.4E-04                               
31777160112  2151 2244 2231                                B 40    G15  1.2E-03                               
31777160113  0705 0743 0725                                B 39    G15  7.4E-04                               
31777160113  1113 1127 1122                                B 25    G15  2.0E-04                               
31777160113  1333 1410 1351                                B 23    G15  4.8E-04                               
31777160113  1457 1513 1505                                B 23    G15  2.3E-04                               
31777160113  1659 1708 1705                                B 23    G15  1.3E-04                               
31777160113  1827 1841 1834                                B 44    G15  2.8E-04                               
31777160113  2351 0011 0001                                B 25    G15  2.8E-04                               
31777160114  1004 1017 1008 N03W33                         B 37    G15  2.1E-04 12480 160111.9                
31777160115  0234 0241 0239                                C 28    G15  5.8E-04                               
31777160115  1135 1144 1140                                B 42    G15  1.6E-04                               
31777160115  1210 1218 1216                                C 10    G15  2.6E-04                               
31777160115  1325 1331 1328                                B 51    G13  1.1E-04                               
31777160115  1352 1401 1355                                B 32    G15  1.2E-04                               
31777160115  1518 1531 1525 N07W49                         C 17    G15  8.5E-04 12480 160111.9                
31777160115  1741 1748 1745                                B 44    G15  1.2E-04                               
31777160115  1956 2005 2002                                B 85    G15  3.0E-04                               
31777160115  2009 2036 2016                                B 88    G15  1.1E-03                               
31777160115  2159 2205 2203                                C 11    G15  2.2E-04                               
31777160116  0014 0019 0017                                B 56    G15  8.3E-05                               
31777160116  0128 0133 0131                                B 32    G15  5.1E-05                               
31777160116  0332 0339 0336                                B 87    G15  2.0E-04                               
31777160116  0640 0705 0657                                B 60    G15  7.6E-04                               
31777160116  1115 1121 1118                                B 45    G15  9.6E-05                               
31777160116  1320 1327 1324                                B 36    G15  9.2E-05                               
31777160116  2005 2011 2009                                B 42    G15  8.4E-05                               
31777160117  1036 1112 1049                                B 37    G15  6.9E-04                               
31777160118  1558 1636 1625                                B 39    G15  7.1E-04                               
31777160119  0328 0342 0338                                B 26    G15  1.9E-04                               
31777160119  0849 0906 0900                                B 29    G15  2.6E-04                               
31777160119  1033 1041 1036                                B 41    G13  1.4E-04                               
31777160119  2047 2144 2112                                B 54    G15  1.6E-03                               
31777160120  0058 0104 0102                                B 38    G15  8.3E-05                               
31777160120  0440 0452 0446                                B 66    G15  3.1E-04                               
31777160120  0730 0736 0734 N06W71                         C 13    G15  2.6E-04 12484 160115.0                
31777160120  0809 0818 0813                                B 50    G15  1.9E-04                               
31777160120  0845 0900 0849                                B 52    G15  3.8E-04                               
31777160120  0911 0921 0918 N06W73                         B 84    G15  3.2E-04 12484 160114.9                
31777160120  1115 1124 1119 S11E46                         B 95    G15  3.2E-04 12487 160123.9                
31777160120  1425 1434 1432 S14E43                         C 13    G15  3.1E-04 12487 160123.8                
31777160120  1637 1642 1640                                B 41    G15  6.8E-05                               
31777160120  1704 1713 1709 S13E42                         B 47    G15  1.8E-04 12487 160123.8                
31777160120  1738 1744 1741                                B 38    G15  8.1E-05                               
31777160121  0117 0153 0145                                C 29    G15  2.6E-03                               
31777160121  0536 0552 0544                                C 13    G15  9.4E-04                               
31777160121  0801 0827 0813                                C 11    G15  1.3E-03                               
31777160121  1322 1419 1351                                C 14    G15  4.0E-03                               
31777160122  0223 0251 0243                                B 38    G15  6.2E-04                               
31777160122  2347 2355 2352                                B 71    G15  2.3E-04                               
31777160123  0053 0104 0057                                B 42    G15  2.2E-04                               
31777160124  0001 0009 0005                                B 45    G15  1.5E-04                               
31777160124  0407 0538 0455                                C 14    G15  5.4E-03                               
31777160124  0820 0830 0824                                B 59    G15  2.6E-04                               
31777160124  2212 2222 2217                                B 74    G15  3.0E-04                               
31777160125  0650 0701 0654                                B 80    G15  3.5E-04                               
31777160125  0752 0757 0755                                B 48    G15  8.0E-05                               
31777160125  0814 0820 0817                                B 46    G15  1.0E-04                               
31777160125  0900 0911 0907                                C 14    G15  5.1E-04                               
31777160125  1027 1035 1033                                C 10    G15  2.4E-04                               
31777160125  2154 2201 2158 S23E64                         B 47    G15  1.3E-04 12490 160130.8                
31777160126  0157 0204 0201                                B 53    G15  1.5E-04                               
31777160126  0301 0310 0305                                B 73    G15  2.7E-04                               
31777160126  0453 0459 0456                                B 53    G15  1.1E-04                               
31777160126  1704 1840 1715 S20W27                         C 13    G15  6.2E-03 12486 160124.6                
31777160127  0526 0552 0537                                B 94    G15  1.1E-03                               
31777160127  1326 1334 1330 N11E33                         C 11    G15  3.3E-04 12489 160130.0                
31777160127  1922 1933 1927 S22E39                         B 53    G15  2.7E-04 12490 160130.8                
31777160127  2028 2036 2031                                B 52    G15  1.7E-04                               
31777160128  0318 0325 0322                                B 60    G15  1.7E-04                               
31777160128  0517 0528 0523                                C 52    G15  2.0E-03                               
31777160128  0652 0712 0702                                C 28    G15  2.2E-03                               
31777160128  1148 1216 1202 N06W45                         C 96    G15  8.9E-03 12488 160125.1                
31777160128  2148 2202 2157 N09W50                         C 33    G15  1.5E-03 12488 160125.1                
31777160129  0314 0404 0338                                B 87    G15  1.9E-03                               
31777160129  0415 0436 0429                                C 20    G15  1.8E-03                               
31777160129  0757 0826 0818 N02W59                         C 35    G15  2.9E-03 12488 160124.9                
31777160129  1453 1511 1500                                B 88    G15  7.2E-04                               
31777160129  1633 1649 1641 N11W61                         C 12    G15  8.6E-04 12488 160125.1                
31777160129  1741 1747 1744                                B 41    G15  9.1E-05                               
31777160129  2048 2257 2146                                C 20    G15  1.1E-02                               
31777160130  2120 2128 2125                                B 90    G15  2.6E-04                               
31777160131  0809 0816 0813                                B 53    G15  1.4E-04                               
31777160131  0956 1007 1002                                B 60    G15  2.8E-04                               
31777160131  1558 1610 1601                                B 42    G15  2.4E-04                               
31777160131  1901 1911 1907                                B 85    G15  3.0E-04                               
31777160131  2341 2351 2347                                B 56    G15  2.3E-04                               
31777160201  0109 0117 0114                                C 16    G15  4.5E-04                               
31777160201  0331 0339 0336                                B 94    G15  2.7E-04                               
31777160201  1515 1529 1522                                B 39    G15  3.1E-04                               
31777160201  1610 1617 1613                                B 37    G15  9.9E-05                               
31777160202  0452 0514 0500                                B 46    G15  4.9E-04                               
31777160202  1125 1137 1130                                B 36    G15  2.0E-04                               
31777160202  1422 1553 1452 N03E43                         C 12    G15  5.3E-03 12491 160205.8                
31777160203  0209 0245 0235                                B 78    G15  1.3E-03                               
31777160203  0439 0524 0459                                B 68    G15  1.5E-03                               
31777160203  1203 1242 1223                                C 10    G15  2.2E-03                               
31777160203  1447 1502 1453                                C 10    G15  7.3E-04                               
31777160203  1512 1531 1524                                C 18    G15  1.6E-03                               
31777160203  1629 1639 1634 S07W26                         C 14    G15  5.5E-04 12493 160201.7                
31777160203  1825 1840 1833 S06W26                         B 76    G15  5.3E-04 12493 160201.8                
31777160203  2205 2217 2210 S07W28                         C 11    G15  5.8E-04 12493 160201.8                
31777160204  0211 0217 0215                                C 10    G15  2.0E-04                               
31777160204  0709 0716 0713                                C 12    G15  3.0E-04                               
31777160204  0916 0925 0920                                B 89    G15  3.4E-04                               
31777160204  1216 1225 1221                                C 24    G15  8.3E-04                               
31777160204  1434 1448 1442 S12E18                         C 21    G15  1.3E-03 12494 160205.9                
31777160204  1644 1653 1649                                C 36    G15  1.1E-03                               
31777160204  1815 1828 1822 S12E14                         C 52    G15  2.7E-03 12494 160205.8                
31777160204  1946 1959 1955                                C 11    G15  6.6E-04                               
31777160204  2239 2248 2244 S13E12                         B 85    G15  3.2E-04 12494 160205.8                
31777160205  0029 0040 0033                                C 14    G15  6.6E-04                               
31777160205  0049 0103 0056                                C 30    G15  1.7E-03                               
31777160205  0322 0332 0326                                B 84    G15  3.5E-04                               
31777160205  0715 0730 0722 S12E06                         C 29    G15  1.7E-03 12494 160205.7                
31777160205  0845 0859 0850                                B 93    G15  5.9E-04                               
31777160205  1305 1317 1311                                C 11    G15  5.5E-04                               
31777160205  1802 1813 1807                                B 77    G15  3.8E-04                               
31777160205  1900 2349 2120                                C 10    G15  1.4E-02                               
31777160206  0240 0330 0311                                C 11    G15  2.4E-03                               
31777160206  0356 0439 0421 S11W07                         B 85    G15  2.0E-03 12494 160205.6                
31777160206  1548 1553 1551 S13E12                         B 66    G15  1.0E-04 12494 160207.5                
31777160206  1933 1942 1938 S13W11                         C 10    G15  3.9E-04 12494 160205.9                
31777160206  2148 2153 2151                                B 79    G15  1.2E-04                               
31777160206  2237 2248 2244 S13W13                         C 15    G15  7.1E-04 12494 160205.9                
31777160207  0152 0203 0158                                B 82    G15  4.1E-04                               
31777160207  0439 0449 0445                                C 17    G15  7.1E-04                               
31777160207  0655 0701 0658 S11W66                         B 70    G15  1.6E-04 12495 160202.3                
31777160207  1029 1041 1035 N09E43                         C 11    G15  5.7E-04 12496 160210.6                
31777160207  1154 1212 1202 N15E38                         C 27    G15  2.2E-03 12496 160210.3                
31777160208  0344 0350 0347                                B 64    G15  1.3E-04                               
31777160208  0522 0543 0529 N14W08                         C 16    G15  1.6E-03 12492 160207.6                
31777160208  0849 0854 0852                                B 57    G15  9.0E-05                               
31777160208  1613 1631 1618 N15W14                         B 78    G15  6.5E-04 12492 160207.6                
31777160209  0026 0039 0031                                B 74    G15  4.5E-04                               
31777160209  0558 0606 0601                                C 10    G15  3.3E-04                               
31777160209  1158 1221 1206                                B 56    G15  7.6E-04                               
31777160209  1224 1233 1228                                B 67    G15  3.6E-04                               
31777160209  1744 1749 1747                                B 56    G15  2.0E-04                               
31777160209  1926 1947 1939 S11W55                         B 90    G15  9.6E-04 12494 160205.6                
31777160209  2151 2208 2205                                B 62    G15  5.3E-04                               
31777160210  0243 0255 0250                                B 90    G15  4.8E-04                               
31777160210  0750 0808 0801                                B 62    G15  6.3E-04                               
31777160210  1439 1444 1442                                B 40    G15  6.4E-05                               
31777160210  1512 1534 1522 N11E16                         C 13    G15  1.3E-03 12497 160211.8                
31777160210  2041 2103 2048 N08W04                         B 59    G15  6.3E-04 12496 160210.5                
31777160210  2229 2243 2235 N10W03                         B 59    G15  3.8E-04 12496 160210.7                
31777160211  0408 0419 0413 N11E01                         B 47    G15  2.3E-04 12497 160211.2                
31777160211  1622 1704 1649 N11E02                         C 26    G15  5.1E-03 12497 160211.8                
31777160211  2018 2128 2103 N11W07                         C 89    G15  2.3E-02 12497 160211.3                
31777160211  2354 0002 2359                                C 12    G15  3.9E-04                               
31777160212  0049 0056 0053 N11W10                         C 12    G15  3.3E-04 12497 160211.2                
31777160212  0627 0655 0636 N12W65                         C 21    G15  2.7E-03 12492 160207.3                
31777160212  1036 1053 1047                                M 10    G15  5.8E-03                               
31777160212  1710 1727 1721 N08W11                         C 68    G15  3.9E-03 12496 160211.8                
31777160212  2105 2120 2110                                B 75    G15  5.3E-04                               
31777160212  2204 2225 2215                                B 77    G15  8.0E-04                               
31777160212  2234 2243 2239                                C 30    G15  1.1E-03                               
31777160213  0020 0032 0026 N11W21                         B 89    G15  4.4E-04 12497 160211.4                
31777160213  0059 0106 0103                                B 80    G15  2.1E-04                               
31777160213  0646 0654 0650                                B 66    G15  2.2E-04                               
31777160213  0825 0834 0831 N13W26                         C 13    G15  4.4E-04 12497 160211.3                
31777160213  1004 1013 1009 N13W27                         C 28    G15  8.4E-04 12497 160211.3                
31777160213  1058 1106 1101                                B 85    G15  2.9E-04                               
31777160213  1332 1358 1343 N11W29                         B 69    G15  8.8E-04 12497 160211.3                
31777160213  1516 1526 1524 N13W25                         M 18    G15  4.3E-03 12497 160211.7                
31777160213  1850 1902 1855                                C 16    G15  6.8E-04                               
31777160213  2045 2112 2105 N14W33                         C 25    G15  2.7E-03 12497 160211.3                
31777160213  2129 2140 2134 N14W33                         C 11    G15  5.3E-04 12497 160211.4                
31777160213  2157 2206 2201                                B 95    G15  3.7E-04                               
31777160213  2207 2216 2213                                C 21    G15  7.6E-04                               
31777160213  2341 0002 2354                                B 85    G15  7.9E-04                               
31777160214  0051 0102 0058                                B 95    G15  4.4E-04                               
31777160214  0118 0126 0121                                C 13    G15  4.3E-04                               
31777160214  0306 0331 0317 N11W36                         C 11    G15  1.1E-03 12497 160211.4                
31777160214  0427 0452 0439 N12W37                         C 34    G15  3.5E-03 12497 160211.4                
31777160214  0830 0836 0833                                C 10    G15  2.2E-04                               
31777160214  0952 1030 1025                                C 69    G15  5.6E-03                               
31777160214  1153 1201 1157 N11W41                         C 14    G15  4.5E-04 12497 160211.4                
31777160214  1918 1929 1926 N15W47                         M 10    G15  3.6E-03 12497 160211.2                
31777160214  2110 2127 2118 N15W47                         C 24    G15  1.7E-03 12497 160211.3                
31777160215  0402 0424 0419                                C 39    G15  2.9E-03                               
31777160215  0527 0538 0533                                C 15    G15  6.9E-04                               
31777160215  0635 0640 0638                                B 64    G15  1.1E-04                               
31777160215  0720 0732 0723 N09W52                         B 90    G15  4.9E-04 12497 160211.4                
31777160215  0826 0846 0841 N13W54                         C 52    G15  3.4E-03 12497 160211.2                
31777160215  0929 0944 0935 N10W52                         C 23    G15  1.6E-03 12497 160211.4                
31777160215  1041 1106 1100 S20W48                         M 12    G15  7.4E-03 12500 160211.7                
31777160215  1440 1513 1504 N14W58                         C 33    G15  4.7E-03 12497 160211.2                
31777160215  1714 1727 1723 N14W58                         C 25    G15  1.2E-03 12497 160211.3                
31777160215  1732 1739 1736 N14W58                         C 16    G15  4.5E-04 12497 160211.3                
31777160215  1746 1800 1752 N14W58                         C 42    G15  2.4E-03 12497 160211.3                
31777160215  1808 1815 1812 N14W58                         C 22    G15  6.1E-04 12497 160211.3                
31777160215  1842 1849 1846 N14W58                         C 29    G15  7.6E-04 12497 160211.3                
31777160215  1931 1941 1937                                C 12    G15  5.1E-04                               
31777160215  1946 1955 1952 N14W61                         C 17    G15  5.9E-04 12497 160211.2                
31777160215  2002 2010 2006                                C 16    G15  5.4E-04                               
31777160215  2053 2105 2058                                C 12    G15  6.3E-04                               
31777160215  2114 2149 2140 N16W57                         C 41    G15  5.5E-03 12497 160211.5                
31777160216  0145 0204 0159                                C 35    G15  2.1E-03                               
31777160216  0224 0230 0228                                C 12    G15  2.9E-04                               
31777160216  0637 0650 0645                                C 24    G15  1.3E-03                               
31777160216  0749 0759 0754                                C 11    G15  5.2E-04                               
31777160216  1036 1041 1039                                B 77    G15  1.2E-04                               
31777160216  1134 1146 1138                                B 53    G15  3.0E-04                               
31777160216  1336 1357 1352                                C 19    G15  1.5E-03                               
31777160216  1529 1553 1548                                C 21    G15  2.2E-03                               
31777160216  1647 1657 1650                                C 12    G15  5.7E-04                               
31777160216  1844 1853 1850                                C 28    G15  8.6E-04                               
31777160216  2210 2232 2215                                B 82    G15  8.7E-04                               
31777160216  2251 2301 2258                                C 13    G15  5.0E-04                               
31777160216  2332 2340 2337                                B 97    G15  3.2E-04                               
31777160217  0041 0100 0046                                B 95    G15  8.6E-04                               
31777160217  0103 0114 0110                                C 14    G15  6.7E-04                               
31777160217  0144 0150 0148                                C 22    G15  3.6E-04                               
31777160217  0217 0225 0220                                B 97    G15  3.2E-04                               
31777160217  0233 0255 0247 N11E85                         C 20    G15  1.9E-03 12497 160223.5                
31777160217  0420 0427 0423                                C 10    G15  2.9E-04                               
31777160217  0433 0443 0439                                B 95    G15  4.3E-04                               
31777160217  0454 0507 0501                                C 94    G15  3.9E-03                               
31777160217  0543 0553 0550                                C 20    G15  9.0E-04                               
31777160217  0617 0625 0622                                C 29    G15  7.5E-04                               
31777160217  0752 0759 0756                                B 90    G15  2.5E-04                               
31777160217  0839 0846 0843 N13W79                         C 17    G15  4.4E-04 12497 160211.4                
31777160217  0954 1009 1002                                C 20    G15  1.3E-03                               
31777160217  1059 1109 1104                                C 10    G15  4.4E-04                               
31777160217  1130 1137 1134                                C 12    G15  3.2E-04                               
31777160217  1148 1157 1152                                B 81    G15  3.2E-04                               
31777160217  1228 1256 1240 N12W78                         C 13    G15  1.7E-03 12497 160211.6                
31777160217  1745 1802 1751 N05E05                         C 12    G15  9.5E-04 12503 160218.1                
31777160217  1806 1819 1813 N16W73                         C 74    G15  3.2E-03 12497 160212.2                
31777160217  2005 2050 2022                                C 46    G15  9.3E-03                               
31777160217  2152 2202 2158                                C 21    G15  7.4E-04                               
31777160218  0149 0204 0158                                C 72    G15  3.5E-03                               
31777160218  0401 0421 0410                                C 10    G15  1.0E-03                               
31777160218  0720 0732 0727                                B 78    G15  4.2E-04                               
31777160218  1607 1721 1644                                C 11    G15  3.8E-03                               
31777160218  1959 2058 2025                                C 12    G15  3.2E-03                               
31777160218  2108 2117 2113 N02E25                         C 18    G15  6.7E-04 12501 160220.7                
31777160218  2310 2317 2315                                B 48    G15  2.4E-04                               
31777160218  2318 2345 2330                                B 71    G15  1.0E-03                               
31777160219  0003 0053 0019                                C 16    G15  4.0E-03                               
31777160219  0306 0352 0321                                C 20    G15  4.3E-03                               
31777160219  0433 0551 0508                                C 21    G15  7.7E-03                               
31777160219  0849 0921 0902                                C 14    G15  2.1E-03                               
31777160219  1236 1252 1240                                B 40    G15  3.1E-04                               
31777160219  1749 1806 1758                                C 10    G15  8.4E-04                               
31777160219  2249 2318 2310                                C 27    G15  2.6E-03                               
31777160220  0049 0142 0131                                B 89    G15  1.8E-03                               
31777160220  0649 0711 0658                                B 95    G15  8.9E-04                               
31777160220  0804 0813 0809                                B 46    G15  1.7E-04                               
31777160221  0423 0429 0426                                B 25    G15  5.6E-05                               
31777160221  0743 0755 0753 N06W39                         B 51    G15  2.8E-04 12505 160218.4                
31777160221  1010 1021 1013 N06W38                         B 29    G15  1.5E-04 12505 160218.5                
31777160221  1300 1308 1304 N06W39                         B 51    G15  1.5E-04 12505 160218.6                
31777160222  1627 1633 1631                                B 40    G15  8.2E-05                               
31777160222  1841 1847 1845                                B 42    G15  8.8E-05                               
31777160222  2043 2059 2055 S07E84                         B 87    G15  4.4E-04       160229.1                
31777160223  0101 0113 0109                                B 97    G15  4.0E-04                               
31777160224  0054 0104 0101                                B 30    G15  1.2E-04                               
31777160224  0113 0120 0118                                B 35    G15  9.3E-05                               
31777160224  0343 0350 0348                                B 26    G15  6.8E-05                               
31777160224  0527 0532 0530                                B 19    G15  3.2E-05                               
31777160224  0657 0705 0702                                B 29    G15  8.7E-05                               
31777160224  0808 0815 0812                                B 30    G15  7.3E-05                               
31777160224  1223 1232 1229                                C 14    G15  4.1E-04                               
31777160224  1641 1649 1646 S09E53                         B 44    G15  1.4E-04       160228.6                
31777160224  1717 1722 1720                                B 45    G15  6.9E-05                               
31777160224  1840 1848 1846                                B 42    G15  1.2E-04                               
31777160224  2124 2146 2136 S07E58                         B 34    G15  3.7E-04 12506 160229.2                
31777160225  0915 0943 0923                                B 32    G15  4.5E-04                               
31777160225  1013 1019 1016                                B 34    G15  7.1E-05                               
31777160225  1259 1306 1303 S29E25                         B 25    G15  6.7E-05       160227.5                
31777160225  1911 2009 1956                                B 80    G15  1.4E-03                               
31777160226  0510 0517 0513                                B 28    G15  7.6E-05                               
31777160226  0943 1006 0951 S07E32                         C 10    G15  1.0E-03 12506 160228.8                
31777160226  2158 2206 2202                                B 30    G15  9.9E-05                               
31777160227  0451 0501 0456 S08E17                         B 65    G15  2.9E-04 12506 160228.4                
31777160227  0516 0526 0521                                B 62    G15  2.8E-04                               
31777160227  0544 0601 0555 S10E20                         C 33    G15  2.2E-03 12506 160228.7                
31777160227  1130 1137 1134                                B 25    G15  7.2E-05                               
31777160227  1511 1518 1515                                B 28    G15  7.4E-05                               
31777160228  0630 0711 0656                                B 45    G15  8.1E-04                               
31777160228  1131 1152 1138                                B 41    G15  4.0E-04                               
31777160228  1717 1732 1721                                B 26    G15  1.8E-04                               
31777160229  0419 0441 0430 S08W03                         B 69    G15  6.6E-04 12506 160228.9                
31777160229  1643 1727 1706                                B 52    G15  1.1E-03                               
31777160301  0046 0056 0052                                B 62    G15  2.3E-04                               
31777160301  1734 1803 1757                                B 34    G15  4.5E-04                               
31777160303  0136 0257 0203                                B 46    G15  1.7E-03                               
31777160303  1519 1608 1550                                B 52    G15  1.0E-03                               
31777160304  0615 0649 0630                                B 30    G15  5.2E-04                               
31777160304  0747 0754 0751                                B 32    G15  8.3E-05                               
31777160304  0828 0921 0900 N14W02                         C 11    G15  3.9E-04 12514 160304.2                
31777160305  0035 0047 0040                                B 36    G15  1.9E-04                               
31777160305  0316 0336 0322 S03W16                         B 44    G15  4.1E-04 12515 160303.9                
31777160305  1048 1104 1056                                B 47    G15  3.5E-04                               
31777160306  0458 0519 0512 N11W19                         B 72    G15  5.3E-04 12512 160304.7                
31777160306  0623 0630 0627                                B 28    G15  7.8E-05                               
31777160306  0726 0733 0730                                B 31    G15  8.7E-05                               
31777160306  0734 0745 0743                                B 70    G15  2.6E-04                               
31777160306  1233 1314 1307                                B 42    G15  8.6E-04                               
31777160306  1802 1808 1805                                B 26    G15  5.8E-05                               
31777160308  0326 0337 0330                                B 23    G15  1.6E-04                               
31777160308  1303 1308 1306 S00W30                         C 16    G15  2.3E-04 12511 160306.3                
31777160308  1309 1314 1312 S00W30                         B 84    G15  1.1E-04 12511 160306.3                
31777160308  1812 1822 1816                                B 71    G15  2.8E-04                               
31777160308  2234 2242 2239                                B 41    G15  1.3E-04                               
31777160309  0242 0311 0258                                C 13    G15  1.9E-03                               
31777160309  0500 0508 0504                                B 40    G15  1.3E-04                               
31777160309  1226 1232 1230                                B 41    G15  9.1E-05                               
31777160309  1236 1306 1250                                C 33    G15  3.6E-03                               
31777160310  1827 1832 1830                                B 33    G15  5.3E-05                               
31777160310  1842 1906 1854                                B 84    G15  9.3E-04                               
31777160311  0211 0220 0216                                B 34    G15  1.7E-04                               
31777160311  0312 0317 0315                                B 26    G15  9.3E-05                               
31777160312  0343 0420 0405                                B 88    G15  1.5E-03                               
31777160312  0615 0623 0619 N09W46                         C 11    G15  3.4E-04 12513 160308.8                
31777160313  2144 2152 2148 N18E07                         B 64    G15  2.1E-04 12521 160314.4                
31777160314  1103 1120 1111                                B 69    G15  4.9E-04                               
31777160314  1752 1802 1758 N15W56                         B 64    G15  2.4E-04 12522 160310.5                
31777160314  2241 2253 2246                                B 51    G15  2.9E-04                               
31777160315  0347 0452 0421                                B 42    G15  1.4E-03                               
31777160315  1532 1543 1538 N20W15                         C 10    G15  4.4E-04 12521 160314.5                
31777160315  1647 1654 1651                                B 64    G15  1.8E-04                               
31777160315  1805 1820 1811                                B 85    G15  5.8E-04                               
31777160315  2037 2048 2040 N20W15                         B 52    G15  2.5E-04 12521 160314.7                
31777160316  0634 0657 0646                                C 22    G15  2.2E-03                               
31777160316  1952 1957 1955                                B 42    G15  6.0E-05                               
31777160317  1613 1622 1616                                B 35    G15  1.3E-04                               
31777160318  0011 0024 0017                                B 51    G15  2.7E-04                               
31777160318  1852 1900 1856                                B 34    G15  1.1E-04                               
31777160318  2303 2331 2318 N06W40                         B 67    G15  9.2E-04 12519 160315.9                
31777160319  1307 1314 1311                                B 21    G15  6.1E-05                               
31777160320  0040 0105 0049                                C 12    G15  1.4E-03                               
31777160320  0122 0138 0133                                C 37    G15  1.8E-03                               
31777160320  1133 1144 1140                                B 35    G15  1.5E-04                               
31777160320  1759 1808 1802                                B 21    G15  8.1E-05                               
31777160323  0259 0445 0354                                C 11    G15  4.9E-03                               
31777160323  2205 2212 2209                                B 28    G15  7.2E-05                               
31777160323  2241 2256 2251                                B 42    G15  3.0E-04                               
31777160324  1255 1301 1258                                B 20    G15  4.5E-05                               
31777160324  1659 1705 1702                                B 33    G15  6.6E-05                               
31777160325  1455 1502 1500 S06E68                         B 65    G15  1.2E-04 12526 160330.7                
31777160326  0719 0724 0722 S04E57                         B 16    G15  2.6E-05 12526 160330.5                
31777160326  0734 0741 0737                                B 17    G15  4.8E-05                               
31777160326  2312 2327 2317                                B 19    G15  1.4E-04                               
31777160327  0600 0611 0607                                B 35    G15  1.6E-04                               
31777160327  1028 1038 1031 S05E41                         B 17    G15  7.3E-05 12526 160330.5                
31777160327  1102 1133 1127                                B 21    G15  3.1E-04                               
31777160327  1213 1226 1219                                B 42    G15  2.2E-04                               
31777160327  1633 1642 1638                                B 47    G15  1.5E-04                               
31777160327  1943 1950 1948                                B 47    G15  1.0E-04                               
31777160328  0218 0232 0228                                C 21    G15  9.1E-04                               
31777160328  0254 0304 0259                                B 33    G15  1.4E-04                               
31777160328  0752 0810 0757 S06E27                         B 37    G15  2.9E-04 12526 160330.3                
31777160328  1838 1900 1844                                B 34    G15  3.4E-04                               
31777160328  2341 2356 2347                                B 23    G15  1.7E-04                               
31777160329  0347 0409 0359                                B 26    G15  2.8E-04                               
31777160329  1448 1510 1456                                B 35    G15  3.4E-04                               
31777160330  1604 1616 1611                                B 16    G15  8.7E-05                               
31777160401  0250 0256 0254                                B 11    G15  2.6E-05                               
31777160401  0300 0307 0304                                B 13    G15  3.7E-05                               
31777160401  0338 0344 0341                                B 10    G15  2.3E-05                               
31777160402  1211 1222 1217                                B 21    G15  9.0E-05                               
31777160403  1335 1341 1338                                B 22    G15  4.6E-05                               
31777160403  2352 0017 0006                                B 31    G15  3.9E-04                               
31777160404  0940 0948 0943                                B 13    G15  4.6E-05                               
31777160404  1243 1256 1248                                B 20    G15  1.2E-04                               
31777160404  1925 1949 1939                                B 41    G15  4.3E-04                               
31777160405  0427 0433 0430                                B 15    G15  3.1E-05                               
31777160405  0731 0742 0737                                B 46    G15  1.8E-04                               
31777160405  1546 1554 1549                                B 25    G15  7.6E-05                               
31777160405  1745 1751 1748                                B 28    G15  6.2E-05                               
31777160406  0957 1030 1011                                C 11    G15  1.6E-03                               
31777160406  1639 1713 1652                                C 14    G15  2.3E-03                               
31777160407  0110 0126 0117                                C 14    G15  1.1E-03                               
31777160407  0550 0555 0553                                C 14    G15  2.1E-04                               
31777160407  0945 0950 0948                                B 85    G15  1.4E-04                               
31777160407  1106 1121 1113                                C 19    G15  1.3E-03                               
31777160407  1332 1344 1337                                B 77    G15  4.2E-04                               
31777160408  0501 0509 0505                                B 72    G15  2.4E-04                               
31777160408  1610 1618 1614                                B 60    G15  2.0E-04                               
31777160408  1631 1645 1638                                C 11    G15  7.1E-04                               
31777160409  0525 0535 0530                                C 16    G15  6.2E-04                               
31777160409  1215 1444 1342 N10E64                         C 28    G15  1.6E-02 12529 160414.3                
31777160409  1609 1616 1613 N09E62                         C 17    G15  4.7E-04 12529 160414.3                
31777160409  1747 1758 1755 N07E60                         C 16    G15  7.4E-04 12529 160414.2                
31777160409  1840 1846 1844 N07E59                         C 15    G15  3.0E-04 12529 160414.1                
31777160409  2029 2043 2034 N07E60                         C 15    G15  9.1E-04 12529 160414.3                
31777160409  2201 2207 2204                                C 14    G15  2.9E-04                               
31777160409  2250 2305 2255 N07E57                         C 18    G15  1.2E-03 12529 160414.2                
31777160410  0031 0047 0044 N07E55                         C 11    G15  7.3E-04 12529 160414.1                
31777160410  0549 1304 0934                                C 15    G15  3.0E-02                               
31777160411  0134 0307 0202                                C 11    G15  5.3E-03                               
31777160411  1316 1326 1320 N07E55                         B 82    G15  3.6E-04 12529 160415.6                
31777160411  1828 1841 1834 N07E55                         C 10    G15  6.2E-04 12529 160415.8                
31777160411  2019 2035 2027 N11E24                         C 14    G15  1.0E-03 12529 160413.6                
31777160411  2159 2219 2212 N05E30                         B 93    G15  8.2E-04 12529 160414.1                
31777160411  2356 0013 0006                                C 13    G15  9.0E-04                               
31777160412  0740 0810 0751                                C 18    G15  2.7E-03                               
31777160412  1556 1603 1559                                B 41    G15  1.1E-04                               
31777160413  0735 0816 0757                                B 85    G15  1.7E-03                               
31777160413  1153 1206 1158                                B 60    G15  3.7E-04                               
31777160413  1703 1722 1714                                B 42    G15  4.2E-04                               
31777160413  1726 1740 1734                                B 42    G15  3.5E-04                               
31777160413  2246 2307 2253                                B 60    G15  6.1E-04                               
31777160413  2328 0001 2343                                C 29    G15  4.3E-03                               
31777160414  0150 0157 0154                                B 72    G15  1.9E-04                               
31777160414  1321 1344 1332 N11W14                         C 18    G15  1.8E-03 12529 160413.5                
31777160414  1437 1510 1459 N11W04                         B 47    G15  7.5E-04 12529 160414.3                
31777160414  1759 1816 1807 N12W07                         C 13    G15  9.6E-04 12529 160414.2                
31777160414  2016 2044 2029                                B 51    G15  7.6E-04                               
31777160414  2145 2155 2152                                B 70    G15  4.1E-04                               
31777160414  2300 2304 2302                                B 48    G15  1.4E-04                               
31777160415  0246 0303 0250                                B 76    G15  5.9E-04                               
31777160415  0614 0634 0626 N09W12                         B 77    G15  7.6E-04 12529 160414.3                
31777160415  0811 0818 0815                                B 68    G15  1.8E-04                               
31777160415  0925 1001 0928 N12W15                         B 82    G15  1.4E-03 12529 160414.2                
31777160415  1237 1244 1242 N13W20                         B 77    G15  2.0E-04 12529 160414.0                
31777160415  1404 1443 1430 N13W16                         C 41    G15  4.6E-03 12529 160414.3                
31777160415  2357 0016 0005                                B 80    G15  7.2E-04                               
31777160416  0506 0538 0513 N09W35                         B 70    G15  1.1E-03 12529 160413.5                
31777160416  1230 1235 1233                                B 47    G15  7.2E-05                               
31777160416  1430 1453 1439                                C 10    G15  1.1E-03                               
31777160416  1914 1923 1920 N15W41                         C 14    G15  4.7E-04 12529 160413.7                
31777160416  1942 2012 1958 N13W43                         C 58    G15  6.1E-03 12529 160413.5                
31777160416  2306 2316 2312                                B 58    G15  2.6E-04                               
31777160417  0053 0100 0057                                B 95    G15  2.4E-04                               
31777160417  0357 0405 0401                                B 79    G15  2.5E-04                               
31777160417  1648 1715 1702 N13W43                         B 84    G15  1.1E-03 12529 160414.4                
31777160417  1717 1747 1730 N13W43                         C 24    G15  3.3E-03 12529 160414.4                
31777160417  2156 2207 2200                                B 48    G15  2.4E-04                               
31777160418  0014 0039 0029 N12W62                         M 67    G15  4.9E-02 12529 160413.3                
31777160418  1230 1258 1246                                B 40    G15  5.8E-04                               
31777160418  1318 1339 1334                                B 50    G15  5.5E-04                               
31777160418  1411 1436 1423                                B 42    G15  6.1E-04                               
31777160418  1444 1500 1452                                B 57    G15  5.0E-04                               
31777160418  1755 1802 1800                                B 51    G15  1.4E-04                               
31777160419  1218 1242 1234                                B 53    G15  6.0E-04                               
31777160419  1249 1305 1257                                B 66    G15  5.0E-04                               
31777160419  1812 1822 1817                                B 44    G15  1.9E-04                               
31777160419  1926 1942 1934                                B 42    G15  3.8E-04                               
31777160419  2252 2309 2302 N14W74                         C 10    G15  8.0E-04 12529 160414.3                
31777160420  0224 0246 0236                                B 85    G15  8.6E-04                               
31777160420  0627 0632 0630                                B 38    G15  1.3E-04                               
31777160420  0731 0746 0741                                B 47    G15  3.9E-04                               
31777160420  1433 1439 1436                                B 32    G15  6.9E-05                               
31777160420  1452 1637 1537                                B 64    G15  3.3E-03                               
31777160420  2122 2159 2144                                B 46    G15  8.7E-04                               
31777160421  0428 0454 0439                                B 35    G15  5.2E-04                               
31777160421  0458 0523 0510                                B 47    G15  6.5E-04                               
31777160423  2118 2125 2121                                B 13    G15  3.6E-05                               
31777160424  0221 0226 0224                                B 17    G15  2.8E-05                               
31777160424  1556 1609 1603                                B 59    G15  3.5E-04                               
31777160425  0817 0828 0821                                B 20    G15  1.0E-04                               
31777160425  1522 1532 1527                                B 29    G15  1.3E-04                               
31777160425  2004 2015 2011                                B 30    G15  1.3E-04                               
31777160426  0253 0303 0258                                B 40    G15  1.6E-04                               
31777160426  0401 0410 0407                                B 48    G15  1.6E-04                               
31777160426  0613 0620 0616 N17E63                         B 35    G15  9.3E-05 12536 160501.0                
31777160426  0657 0707 0701 N17E63                         B 40    G15  1.6E-04 12536 160501.0                
31777160426  0955 1011 1001                                B 25    G15  1.9E-04                               
31777160426  1137 1149 1144 N17E61                         B 57    G15  2.7E-04 12536 160501.1                
31777160426  1252 1303 1258                                B 33    G15  1.6E-04                               
31777160426  1328 1336 1332                                B 76    G15  2.1E-04                               
31777160426  2037 2046 2043                                B 80    G15  3.0E-04                               
31777160426  2128 2133 2131                                B 45    G15  7.4E-05                               
31777160427  0003 0011 0008 N13E53                         B 42    G15  1.3E-04 12536 160501.0                
31777160427  0050 0105 0057 N15E53                         B 51    G15  3.5E-04 12536 160501.0                
31777160427  0347 0354 0351 N14E50                         B 72    G15  1.8E-04 12536 160430.9                
31777160427  1011 1020 1015                                B 35    G15  1.4E-04                               
31777160427  1314 1326 1321 N04W79                         B 57    G15  2.8E-04 12532 160421.6                
31777160427  1543 1555 1548 S09W47                         B 48    G15  2.7E-04 12537 160424.1                
31777160427  1918 1927 1923                                B 69    G15  2.6E-04                               
31777160427  2113 2126 2119                                B 75    G15  4.0E-04                               
31777160428  0118 0136 0125                                B 81    G15  6.4E-04                               
31777160428  0336 0346 0342                                C 11    G15  4.2E-04                               
31777160428  0557 0605 0602                                C 18    G15  4.7E-04                               
31777160428  0845 0855 0852 N04E26                         C 17    G15  5.6E-04 12535 160430.3                
31777160428  0927 0937 0932 N08E24                         B 62    G15  2.6E-04 12535 160430.1                
31777160428  1246 1254 1251 N05E21                         C 19    G15  5.0E-04 12535 160430.1                
31777160428  1953 2000 1957                                B 56    G13  1.5E-04                               
31777160428  2318 2325 2322                                B 34    G15  9.8E-05                               
31777160429  0351 0407 0359                                B 62    G15  4.1E-04                               
31777160429  0739 0747 0743                                B 41    G15  1.3E-04                               
31777160429  1327 1334 1331 S07W70                         B 47    G15  1.3E-04 12537 160424.3                
31777160429  1328 1334 1331 S07W70                         B 53    G13  1.2E-04 12537 160424.3                
31777160429  1424 1437 1429                                B 53    G15  3.2E-04                               
31777160429  1657 1703 1701 N07E05                         B 54    G15  1.1E-04 12535 160430.0                
31777160429  1936 1952 1943                                B 42    G15  3.3E-04                               
31777160429  2133 2141 2138                                B 67    G15  2.1E-04                               
31777160430  0246 0256 0251                                B 36    G15  1.6E-04                               
31777160430  0429 0442 0434                                B 47    G15  2.9E-04                               
31777160430  0740 0753 0747                                B 62    G15  3.2E-04                               
31777160430  1040 1052 1047                                C 12    G15  6.1E-04                               
31777160430  1210 1221 1217 N16E07                         B 52    G15  2.6E-04 12536 160501.0                
31777160430  1232 1238 1235                                B 47    G15  9.8E-05                               
31777160430  1442 1459 1451                                B 57    G15  4.6E-04                               
31777160430  1651 1724 1712                                B 47    G15  7.8E-04                               
31777160430  2004 2044 2022                                B 69    G15  1.3E-03                               
31777160501  0157 0215 0204                                B 85    G15  7.1E-04                               
31777160501  0914 0927 0922 N17E42                         C 24    G15  1.1E-03 12539 160504.5                
31777160501  1003 1020 1009                                B 47    G15  3.7E-04                               
31777160501  1238 1249 1242                                B 30    G15  1.5E-04                               
31777160501  1406 1428 1415                                B 58    G15  5.8E-04                               
31777160501  2250 2316 2311                                B 50    G15  6.3E-04                               
31777160501  2330 2347 2338                                C 25    G15  1.7E-03                               
31777160502  0301 0313 0310                                B 32    G15  1.5E-04                               
31777160502  0712 0735 0720                                B 45    G15  5.1E-04                               
31777160502  0832 0847 0842                                C 35    G15  1.9E-03                               
31777160516  1547 1552 1550                                B 51    G14  8.1E-05                               
31777160516  2217 2223 2221                                B 46    G14  1.0E-04                               
31777160517  0400 0410 0408                                C 12    G14  3.7E-04                               
31777160517  0738 0744 0742                                B 60    G14  1.2E-04                               
31777160517  0750 0757 0754                                B 70    G14  1.8E-04                               
31777160517  2007 2013 2011                                B 41    G14  9.1E-05                               
31777160518  1752 1807 1758                                B 51    G14  3.7E-04                               
31777160520  0055 0102 0059                                B 26    G15  7.4E-05                               
31777160520  0414 0423 0418                                B 39    G14  1.4E-04                               
31777160520  0435 0443 0440 S08E07                         B 37    G14  1.2E-04 12546 160520.7                
31777160520  0834 0847 0842 S10W03                         B 39    G15  2.2E-04 12546 160520.1                
31777160520  1136 1141 1139                                B 25    G15  3.9E-05                               
31777160520  1219 1228 1223                                B 44    G14  1.7E-04                               
31777160520  1941 1948 1945                                B 30    G15  8.0E-05                               
31777160521  0843 0850 0846 S09W09                         B 59    G14  1.5E-04 12546 160520.6                
31777160521  1056 1103 1100                                B 73    G14  1.9E-04                               
31777160521  1355 1407 1400 S08W17                         C 10    G14  4.6E-04 12546 160520.3                
31777160521  2230 2240 2234                                B 23    G14  1.1E-04                               
31777160522  0121 0129 0125                                B 25    G14  8.6E-05                               
31777160522  0443 0451 0447                                B 26    G15  8.4E-05                               
31777160522  0912 0928 0921 S10W30                         B 59    G14  3.8E-04 12546 160520.1                
31777160523  0741 0747 0745                                B 20    G15  4.4E-05                               
31777160523  0813 0824 0818 S11W41                         B 30    G14  1.5E-04 12546 160520.2                
31777160523  1334 1342 1338                                B 34    G14  1.1E-04                               
31777160523  1705 1711 1708                                B 22    G14  4.9E-05                               
31777160523  2005 2012 2009                                B 25    G14  7.1E-05                               
31777160523  2013 2022 2017                                B 69    G14  2.4E-04                               
31777160523  2255 2302 2258                                B 25    G14  7.1E-05                               
31777160524  0722 0728 0725                                B 26    G14  5.6E-05                               
31777160524  0819 0828 0824 S14W57                         B 53    G14  1.9E-04 12546 160520.0                
31777160524  0831 0840 0836 S08W51                         B 97    G14  3.4E-04 12546 160520.5                
31777160524  1016 1023 1020 S11W59                         C 13    G14  2.9E-04 12546 160519.9                
31777160524  1329 1336 1333                                B 20    G15  5.6E-05                               
31777160524  1702 1712 1705                                B 40    G14  1.6E-04                               
31777160524  2049 2110 2107 S08W62                         B 95    G14  7.2E-04 12546 160520.2                
31777160524  2218 2226 2221                                B 26    G14  8.9E-05                               
31777160524  2324 2339 2334                                B 54    G14  3.3E-04                               
31777160525  0159 0206 0203 S11W56                         B 38    G14  1.0E-04 12546 160520.8                
31777160525  2104 2129 2117 N17W22                         B 94    G15  1.1E-03 12548 160524.2                
31777160526  0335 0344 0339                                B 21    G15  8.0E-05                               
31777160526  1331 1340 1336 N14W31                         C 11    G14  3.7E-04 12548 160524.2                
31777160526  1345 1357 1351 N14W31                         C 10    G14  5.4E-04 12548 160524.2                
31777160526  1628 1637 1633 N15W33                         B 40    G14  1.4E-04 12548 160524.1                
31777160527  1629 1654 1645                                B 39    G14  4.6E-04                               
31777160527  1705 1740 1720                                B 46    G14  8.2E-04                               
31777160528  1149 1216 1155 S15E28                         B 33    G15  4.4E-04       160530.6                
31777160528  2119 2125 2123                                B 28    G14  6.1E-05                               
31777160529  0233 0430 0321                                B 34    G14  2.0E-03                               
31777160529  0650 0702 0656                                B 72    G14  3.9E-04                               
31777160529  0856 0911 0904 N17W68                         B 65    G14  4.4E-04 12548 160524.2                
31777160529  1447 1457 1450                                B 17    G15  7.8E-05                               
31777160530  0410 0422 0414                                B 21    G14  1.2E-04                               
31777160530  0733 0742 0737 N13W21                         C 14    G14  4.7E-04 12550 160528.7                
31777160530  1206 1217 1212                                B 30    G14  1.5E-04                               
31777160530  1318 1328 1324 N15W24                         C 10    G14  3.8E-04 12550 160528.7                
31777160530  1502 1511 1507 N15W24                         B 41    G14  1.5E-04 12550 160528.8                
31777160530  1703 1712 1710 N15W25                         B 41    G14  1.5E-04 12550 160528.8                
31777160531  1934 1947 1941                                B 29    G14  1.8E-04                               
31777160531  2234 2243 2237                                B 18    G15  6.7E-05                               
31777160601  1433 1441 1437                                B 18    G15  6.2E-05                               
31777160601  1615 1623 1619                                B 23    G15  7.8E-05                               
31777160601  2220 2257 2235                                B 79    G14  1.4E-03                               
31777160607  0549 0615 0606                                B 19    G14  2.3E-04                               
31777160608  0404 0428 0416                                B 23    G14  3.1E-04                               
31777160609  0456 0505 0501 N14W37                         B 28    G14  1.1E-04 12552 160606.4                
31777160609  0624 0630 0627                                B 35    G14  7.1E-05                               
31777160609  0636 0643 0639                                B 26    G14  7.3E-05                               
31777160609  0733 0744 0737                                B 21    G15  1.1E-04                               
31777160609  1017 1029 1025                                B 26    G15  1.4E-04                               
31777160609  1043 1051 1047                                B 23    G15  8.1E-05                               
31777160609  1209 1223 1218 N14W42                         B 99    G15  4.9E-04 12552 160606.3                
31777160609  1228 1237 1234 N14W42                         C 15    G15  5.0E-04 12552 160606.3                
31777160609  1256 1310 1306 N14W43                         B 57    G15  3.5E-04 12552 160606.2                
31777160609  1323 1332 1326                                B 30    G15  1.2E-04                               
31777160609  1503 1517 1514 N14W45                         C 11    G15  5.9E-04 12552 160606.2                
31777160610  0047 0055 0052                                B 32    G15  1.0E-04                               
31777160610  0551 0556 0554                                B 21    G15  3.6E-05                               
31777160610  0947 0956 0952 S01E80                         B 23    G15  9.0E-05       160616.3                
31777160610  2048 2116 2104                                B 48    G15  6.2E-04                               
31777160610  2202 2207 2205                                B 25    G15  4.1E-05                               
31777160611  0017 0023 0020                                B 28    G15  6.0E-05                               
31777160611  0632 0639 0636                                B 26    G15  7.1E-05                               
31777160611  0818 0826 0823                                B 46    G15  1.4E-04                               
31777160611  1324 1332 1328 N08W25                         B 42    G15  1.4E-04 12554 160609.6                
31777160611  1355 1404 1359                                B 35    G15  1.4E-04                               
31777160611  1513 1524 1518                                B 59    G15  2.9E-04                               
31777160611  2037 2044 2041                                B 46    G15  1.3E-04                               
31777160611  2050 2102 2057                                B 97    G15  4.4E-04                               
31777160611  2159 2243 2228                                C 65    G15  9.5E-03                               
31777160612  0151 0202 0155                                B 40    G15  1.9E-04                               
31777160612  0809 0815 0812                                B 28    G15  5.9E-05                               
31777160612  0904 0918 0910                                B 58    G15  3.5E-04                               
31777160612  2030 2052 2040                                C 18    G15  1.8E-03                               
31777160613  0145 0158 0153                                B 48    G15  2.6E-04                               
31777160613  0249 0257 0253                                B 50    G15  1.6E-04                               
31777160613  0404 0423 0415                                B 93    G15  8.3E-04                               
31777160613  0435 0502 0449                                B 92    G15  1.3E-03                               
31777160613  0533 0618 0552                                C 30    G15  5.9E-03                               
31777160613  1843 1907 1855                                B 48    G15  5.6E-04                               
31777160615  1053 1058 1056                                B 17    G15  2.9E-05                               
31777160615  1300 1330 1311                                B 42    G15  5.6E-04                               
31777160615  2043 2049 2047                                B 22    G15  4.6E-05                               
31777160616  0020 0034 0025 S04E03                         B 32    G15  2.0E-04 12553 160616.2                
31777160616  0944 0952 0948                                B 21    G15  7.3E-05                               
31777160616  1040 1046 1044                                B 38    G15  8.0E-05                               
31777160616  1158 1209 1203                                B 26    G15  1.3E-04                               
31777160616  1212 1221 1218                                B 35    G15  1.3E-04                               
31777160616  1317 1327 1324 S08W50                         B 88    G15  2.9E-04 12555 160612.8                
31777160616  1517 1532 1523 S08W50                         B 38    G15  2.5E-04 12555 160612.8                
31777160616  1609 1617 1613                                B 29    G15  9.4E-05                               
31777160616  1746 1806 1753                                B 40    G15  3.7E-04                               
31777160617  0404 0428 0421                                B 23    G15  2.8E-04                               
31777160617  0456 0540 0519                                B 26    G15  5.5E-04                               
31777160617  0825 0838 0831                                B 34    G15  1.8E-04                               
31777160617  0916 0934 0926                                B 40    G15  3.0E-04                               
31777160617  1224 1234 1229                                B 34    G15  1.4E-04                               
31777160617  1310 1316 1314                                B 17    G15  3.8E-05                               
31777160617  1400 1405 1403 S06W64                         B 19    G15  3.2E-05 12555 160612.7                
31777160617  2034 2049 2040                                B 26    G15  1.8E-04                               
31777160618  1144 1151 1148                                B 38    G15  9.3E-05                               
31777160618  1430 1439 1435                                B 31    G15  1.1E-04                               
31777160618  1604 1615 1611                                B 26    G15  1.3E-04                               
31777160618  2031 2050 2045 N07W24                         B 32    G15  2.6E-04       160617.0                
31777160619  0731 0823 0757                                B 23    G15  5.8E-04                               
31777160619  1144 1209 1158                                C 17    G15  1.7E-03                               
31777160619  2308 0113 2347                                B 50    G15  2.8E-03                               
31777160620  0249 0309 0300                                B 95    G15  7.5E-04                               
31777160621  0438 0709 0534                                B 38    G15  3.1E-03                               
31777160624  0017 0044 0034                                B 37    G15  4.9E-04                               
31777160624  2242 2321 2256                                B 39    G15  7.6E-04                               
31777160625  0207 0426 0315                                B 44    G15  2.6E-03                               
31777160625  1101 1125 1111                                B 48    G15  5.1E-04                               
31777160625  1527 1553 1544                                B 44    G15  4.6E-04                               
31777160626  0406 0417 0411                                B 21    G15  9.9E-05                               
31777160626  1046 1055 1050                                B 13    G15  5.2E-05                               
31777160626  1557 1623 1604 N13E51                         B 38    G15  4.6E-04       160630.5                
31777160627  0405 0428 0420                                B 32    G15  3.8E-04                               
31777160627  0942 1024 0958 N14E40                         B 58    G15  1.1E-03       160630.4                
31777160629  0239 0313 0256                                B 22    G15  3.6E-04                               
31777160702  0400 0410 0405                                B 16    G15  6.5E-05                               
31777160703  0952 1003 0958 N15W04                         B 16    G15  7.9E-05       160703.1                
31777160704  0157 0204 0201                                B 17    G15  4.3E-05                               
31777160704  0831 0920 0845                                B 16    G15  4.0E-04                               
31777160707  0303 0314 0308                                B 39    G15  1.9E-04                               
31777160707  0411 0420 0416 S17W33                         B 44    G15  1.6E-04       160704.6                
31777160707  0431 0450 0439                                B 48    G15  4.5E-04                               
31777160707  0749 0806 0756 S19W35                         C 51    G15  3.4E-03 12561 160704.6                
31777160708  0048 0105 0056                                C 27    G15  1.8E-03                               
31777160708  0234 0324 0316                                B 90    G15  1.8E-03                               
31777160708  0516 0531 0520                                B 42    G15  3.1E-04                               
31777160708  0609 0631 0624                                B 62    G15  6.0E-04                               
31777160708  1731 1740 1736                                B 47    G15  1.8E-04                               
31777160708  1945 1956 1950                                B 54    G15  2.7E-04                               
31777160708  2305 2313 2311                                B 76    G15  2.1E-04                               
31777160709  0901 0907 0905 N10E76                         B 97    G15  1.6E-04 12564 160715.0                
31777160709  1549 1611 1607 N11E73                         C 26    G15  1.8E-03 12564 160715.1                
31777160709  2124 2132 2129 N11E69                         B 66    G15  2.0E-04 12564 160715.0                
31777160710  0053 0103 0059 N11E69                         C 86    G15  2.6E-03 12564 160715.2                
31777160710  0840 0845 0843 N12E64                         B 34    G15  5.8E-05 12564 160715.1                
31777160710  0947 0959 0953                                B 41    G15  2.3E-04                               
31777160711  2127 2137 2133 N10E44                         B 94    G15  3.4E-04 12564 160715.2                
31777160712  1059 1108 1103                                B 39    G15  1.4E-04                               
31777160713  1440 1449 1444 S07E02                         B 42    G15  1.7E-04 12562 160713.7                
31777160713  1948 2133 2102                                B 87    G15  5.2E-03                               
31777160714  2135 2140 2138                                B 31    G15  4.8E-05                               
31777160715  0223 0232 0228 N04E43                         B 39    G15  1.5E-04       160718.3                
31777160715  0351 0356 0354                                B 59    G15  9.8E-05                               
31777160715  0506 0514 0512 N06E40                         B 74    G15  2.2E-04 12567 160718.2                
31777160715  1423 1429 1426                                B 53    G15  1.2E-04                               
31777160715  1507 1514 1511 N05E35                         C 20    G15  4.7E-04 12567 160718.2                
31777160715  1642 1648 1645 N05E34                         B 79    G15  1.6E-04 12567 160718.2                
31777160715  1712 1717 1715                                B 77    G15  1.2E-04                               
31777160715  1830 1837 1833                                B 71    G15  2.0E-04                               
31777160716  0028 0038 0034 N05E30                         C 21    G15  7.7E-04 12567 160718.2                
31777160716  0113 0123 0119 N05E29                         C 10    G15  3.9E-04 12567 160718.2                
31777160716  0207 0220 0216 N05E28                         C 16    G15  8.6E-04 12567 160718.2                
31777160716  0246 0252 0250 N05E28                         C 17    G15  3.5E-04 12567 160718.2                
31777160716  0300 0308 0305 N05E28                         C 15    G15  4.7E-04 12567 160718.2                
31777160716  0339 0350 0343 N05E28                         B 88    G15  4.4E-04 12567 160718.2                
31777160716  0525 0536 0529 N05E28                         B 90    G15  4.5E-04 12567 160718.3                
31777160716  0540 0548 0544 N05E28                         C 20    G15  6.0E-04 12567 160718.3                
31777160716  0557 0603 0600                                C 11    G15  4.4E-04                               
31777160716  0657 0707 0704 N06E26                         C 68    G15  1.8E-03 12567 160718.2                
31777160716  0746 0756 0749 N09W17                         B 77    G15  3.3E-04 12564 160715.0                
31777160716  0817 0827 0823                                C 15    G15  5.7E-04                               
31777160716  0919 0949 0945                                C 10    G15  1.3E-03                               
31777160716  1026 1038 1033                                C 11    G15  5.7E-04                               
31777160716  1254 1305 1259                                B 93    G15  3.9E-04                               
31777160716  1352 1402 1358                                B 69    G15  2.9E-04                               
31777160717  0136 0143 0140 N04E17                         C 13    G15  3.0E-04 12567 160718.3                
31777160717  0536 1126 0803 N07E14                         C 14    G15  2.0E-02 12567 160718.4                
31777160717  1634 1728 1710 N03E02                         C 10    G15  2.6E-03 12565 160717.8                
31777160717  1859 1926 1915                                B 84    G15  1.2E-03                               
31777160717  2131 0001 2335                                C 66    G15  1.9E-02                               
31777160718  0809 0832 0823 N06W07                         C 44    G15  3.9E-03 12565 160717.8                
31777160718  1834 1845 1839 N08W14                         B 56    G15  2.6E-04 12565 160717.7                
31777160719  0013 0034 0022 N07W18                         C 10    G15  9.6E-04 12565 160717.6                
31777160719  1000 1234 1153 N03W23                         C 22    G15  1.3E-02 12565 160717.7                
31777160720  0120 0142 0127 N07W18                         C 13    G15  1.3E-03 12565 160718.7                
31777160720  0240 0259 0249 N01W30                         C 16    G15  1.4E-03 12567 160717.8                
31777160720  0308 0326 0317 N01W30                         C 42    G15  3.1E-03 12567 160717.8                
31777160720  0332 0338 0335 N07W18                         C 25    G15  5.3E-04 12565 160718.7                
31777160720  0813 0834 0820 N01W34                         B 66    G15  6.8E-04 12567 160717.8                
31777160720  1432 1451 1442 N07W36                         B 66    G15  6.0E-04 12567 160717.9                
31777160720  1933 1947 1937 N05W40                         B 75    G15  5.1E-04 12567 160717.8                
31777160720  2203 2254 2217 N05W41                         C 46    G13  1.1E-02 12567 160717.8                
31777160720  2345 2354 2351                                C 34    G15  1.3E-03                               
31777160721  0019 0041 0037                                C 37    G15  3.5E-03                               
31777160721  0042 0050 0046                                M 12    G15  3.5E-03                               
31777160721  0134 0204 0149                                M 10    G15  1.2E-02                               
31777160721  0409 0416 0413                                C 16    G15  4.6E-04                               
31777160721  0901 0909 0908 N03W47                         B 66    G15  3.0E-04 12567 160717.8                
31777160721  0940 0948 0944 N00W47                         C 10    G15  3.1E-04 12567 160717.8                
31777160721  1106 1122 1119 N00W48                         C 72    G15  2.0E-03 12567 160717.8                
31777160721  1247 1303 1255 N01W49                         C 92    G15  5.0E-03 12567 160717.8                
31777160721  1330 1337 1334 N03W50                         C 22    G15  5.2E-04 12567 160717.8                
31777160721  1405 1410 1408 N07W49                         B 64    G15  1.0E-04 12567 160717.9                
31777160721  1412 1419 1415                                B 60    G15  1.7E-04                               
31777160721  1538 1547 1542 N03W51                         C 12    G15  4.5E-04 12567 160717.8                
31777160721  1602 1613 1607                                B 72    G15  3.5E-04                               
31777160721  1700 1716 1704 N05W53                         C 12    G15  8.1E-04 12567 160717.7                
31777160721  1736 1744 1741                                B 97    G15  2.8E-04                               
31777160721  1827 1834 1831                                B 73    G15  1.9E-04                               
31777160721  1852 1859 1857                                B 65    G15  1.7E-04                               
31777160721  2015 2024 2020                                B 85    G15  3.1E-04                               
31777160721  2037 2044 2040                                B 46    G15  1.3E-04                               
31777160721  2135 2143 2138                                B 59    G15  1.9E-04                               
31777160721  2234 2258 2246                                C 36    G15  3.4E-03                               
31777160722  0634 0658 0651 N01W59                         C 66    G15  4.3E-03 12567 160717.8                
31777160722  0723 0731 0726 N00W61                         C 12    G15  4.0E-04 12567 160717.7                
31777160722  0830 0838 0834                                B 68    G15  2.3E-04                               
31777160722  1114 1145 1131 N05W61                         B 90    G15  1.4E-03 12567 160717.9                
31777160722  2009 2031 2020 N07W68                         C 24    G15  2.2E-03 12567 160717.7                
31777160722  2226 2234 2230                                B 56    G15  1.7E-04                               
31777160722  2309 2327 2315                                B 76    G15  6.3E-04                               
31777160723  0146 0223 0211                                M 50    G15  5.4E-02                               
31777160723  0338 0345 0342                                C 14    G15  3.7E-04                               
31777160723  0500 0524 0516 N02W74                         M 76    G15  4.6E-02 12567 160717.7                
31777160723  0527 0533 0531 N02W74                         M 55    G15  1.1E-02 12567 160717.7                
31777160723  0904 0916 0911                                C 10    G15  6.8E-04                               
31777160723  1020 1035 1032                                C 11    G15  7.8E-04                               
31777160723  1248 1305 1257 N02W79                         C 18    G15  1.3E-03 12565 160717.6                
31777160723  1738 1804 1755                                C 24    G15  3.0E-03                               
31777160723  2153 2204 2200                                B 62    G15  3.1E-04                               
31777160723  2306 2314 2311                                B 78    G15  2.5E-04                               
31777160723  2330 2345 2336                                C 13    G15  8.7E-04                               
31777160723  2355 0001 2358                                B 85    G15  1.8E-04                               
31777160724  0050 0059 0055                                C 12    G15  4.5E-04                               
31777160724  0108 0117 0113                                C 19    G15  6.4E-04                               
31777160724  0348 0356 0352                                B 66    G15  2.1E-04                               
31777160724  0450 0522 0501                                C 15    G15  2.3E-03                               
31777160724  0609 0632 0620 N03W84                         M 20    G15  1.7E-02 12567 160717.9                
31777160724  0756 0810 0804                                C 15    G15  9.4E-04                               
31777160724  1028 1035 1032 N03E84                         C 10    G15  2.6E-04 12567 160730.7                
31777160724  1135 1148 1141                                B 92    G15  5.1E-04                               
31777160724  1156 1210 1202                                B 95    G15  6.4E-04                               
31777160724  1218 1236 1228                                C 16    G15  1.3E-03                               
31777160724  1256 1313 1303                                C 25    G15  2.0E-03                               
31777160724  1315 1330 1323                                C 35    G15  2.4E-03                               
31777160724  1334 1411 1404                                C 69    G15  1.1E-02                               
31777160724  1730 1812 1743                                M 19    G15  3.6E-02                               
31777160724  2254 2303 2258                                B 47    G15  1.9E-04                               
31777160725  0651 0701 0657                                B 36    G15  1.5E-04                               
31777160725  0859 0926 0909                                C 18    G15  2.1E-03                               
31777160725  1846 1901 1853                                B 29    G15  1.9E-04                               
31777160726  0208 0219 0214                                B 22    G15  1.0E-04                               
31777160726  0243 0328 0313                                B 39    G15  8.2E-04                               
31777160726  0434 0443 0438                                B 23    G15  9.6E-05                               
31777160726  0507 0521 0512                                B 20    G15  1.4E-04                               
31777160726  0619 0645 0626                                B 30    G15  3.7E-04                               
31777160726  0737 0743 0741                                B 22    G15  4.8E-05                               
31777160726  0846 0911 0856                                B 25    G15  3.4E-04                               
31777160726  1309 1335 1319                                B 46    G15  5.8E-04                               
31777160726  1523 1605 1535                                B 93    G15  1.8E-03                               
31777160726  1708 1745 1722                                B 45    G15  8.5E-04                               
31777160728  1344 1351 1348                                B 11    G15  3.0E-05                               
31777160730  0920 0941 0934 S16E13                         B 53    G15  3.5E-04       160731.3                
31777160731  2125 2156 2140                                B 29    G15  4.4E-04                               
