31777080101  0007 0037 0026                                B 70    GOES 9.1E-04                     
31777080101  0210 0220 0215                                B 24    GOES 1.0E-04                     
31777080101  0431 0532 0448                                B 36    GOES 1.0E-03                     
31777080101  0627 0645 0634                                B 42    GOES 3.3E-04                     
31777080101  0859 0918 0907                                B 28    GOES 2.5E-04                     
31777080101  1117 1128 1123                                B 22    GOES 1.1E-04                     
31777080101  1248 1309 1257                                B 15    GOES 1.6E-04                     
31777080101  1357 1418 1403                                B 35    GOES 3.4E-04                     
31777080101  1530 1546 1537 S09E72SF                       C 11    GOES 6.9E-04 10980               
31777080102  0651 1123 1000                                C 12    GOES 9.1E-03                     
31777080104  0305 0319 0312                                B 18    GOES 1.2E-04                     
31777080107  0226 0245 0234                                B 12    GOES 1.2E-04                     
31777080107  1449 1556 1527 S08W02SF                       C 14    GOES 3.4E-03 10980               
31777080129  1728 1743 1734                                B 12    GOES 9.5E-05 10982               
31777080130  1821 1900 1846                                B 30    GOES 4.1E-05                     
31777080311  0550 0604 0557 S10W85SF                       B 59    GOES 2.9E-04 10985               
31777080324  0117 0123 0120                                B 17    GOES 5.4E-05                     
31777080324  0237 0253 0244 S08E46SF                       B 51    GOES 3.2E-04 10987               
31777080324  0300 0307 0305                                B 42    GOES 1.5E-04                     
31777080324  0450 0459 0455                                B 17    GOES 7.5E-05                     
31777080324  0759 0834 0818                                B 33    GOES 5.0E-04                     
31777080324  1013 1021 1017                                B 11    GOES 4.6E-05                     
31777080324  1403 1412 1410 S11E66SF                       B 26    GOES 6.4E-05 10988               
31777080324  1613 1627 1618                                B 12    GOES 8.7E-05                     
31777080324  1718 1723 1721                                B 13    GOES 3.0E-05                     
31777080324  1947 1953 1951                                B 19    GOES 6.0E-05                     
31777080325  0449 0504 0456                                B 47    GOES 2.9E-04                     
31777080325  0752 0811 0802                                B 18    GOES 1.8E-04                     
31777080325  1118 1132 1125                                B 17    GOES 1.3E-04                     
31777080325  1449 1454 1452                                B 23    GOES 5.7E-05                     
31777080325  1734 1741 1738                                B 21    GOES 7.0E-05                     
31777080325  1826 1831 1829                                B 18    GOES 4.8E-05 10988               
31777080325  1836 1913 1856 S13E781F                       M 17    GOES 2.1E-02 10989               
31777080326  1121 1130 1125                                B 18    GOES 7.2E-05                     
31777080326  1851 1926 1919                                B 13    GOES 2.4E-04                     
31777080326  2112 2140 2129 S09E32SF                       B 76    GOES 8.3E-04 10988               
31777080327  0227 0252 0236                                B 19    GOES 2.3E-04                     
31777080327  0517 0532 0520                                B 10    GOES 7.9E-05                     
31777080327  1627 1649 1636 S10E01SF                       B 48    GOES 5.3E-04 10987               
31777080328  0939 0948 0944                                B 16    GOES 6.5E-05                     
31777080328  1149 1216 1203                                B 16    GOES 2.3E-04                     
31777080328  1400 1412 1406                                B 12    GOES 7.4E-05                     
31777080329  0023 0058 0047                                B 31    GOES 4.7E-04                     
31777080329  0718 0726 0722                                B 13    GOES 4.9E-05                     
31777080330  0600 0648 0625                                B 12    GOES 2.9E-04                     
31777080330  1732 1744 1737                                B 14    GOES 8.6E-05                     
31777080331  0528 0540 0534 S11W22SF                       B 24    GOES 1.2E-04 10988               
31777080401  0016 0033 0026                                B 30    GOES 2.2E-04 10989               
31777080401  2017 2022 2020                                B 10    GOES 2.6E-05 10989               
31777080402  1643 1707 1656                                B 10    GOES 1.4E-04                     
31777080402  2002 2016 2012                                B 11    GOES 7.2E-05                     
31777080402  2339 2355 2347                                B 20    GOES 1.6E-04                     
31777080403  0112 0136 0124                                C 12    GOES 1.1E-03                     
31777080403  0218 0235 0227                                C 12    GOES 7.5E-04                     
31777080403  0555 0612 0559                                B 12    GOES 9.6E-05                     
31777080403  1527 1533 1531                                B 10    GOES 3.4E-05                     
31777080403  1551 1600 1557 S12W36SF                       B 29    GOES 1.0E-04 10989               
31777080403  1944 1958 1951                                B 19    GOES 1.3E-04                     
31777080403  2020 2028 2024 S08W42SF                       B 23    GOES 9.4E-05 10989               
31777080404  0147 0208 0157                                B 50    GOES 4.3E-04                     
31777080404  1457 1505 1501                                B 12    GOES 5.1E-05                     
31777080404  1806 1814 1810 S08W54SF                       B 27    GOES 8.6E-05 10989               
31777080405  1102 1110 1106                                B 13    GOES 4.5E-05                     
31777080416  0631 0637 0634                                B 21    GOES 4.7E-05                     
31777080426  1354 1438 1408 N08E09SF                       B 38    GOES 7.1E-04                     
31777080512  1657 1706 1702                                B 14    GOES 5.3E-05      
31777080512  2127 2135 2131                                B 14    GOES 4.2E-05      
31777080517  1005 1032 1016                                B 17    GOES 2.4E-04      
31777081102  1322 1338 1328                                B 27    GOES 1.7E-04                     
31777081102  1436 1444 1440                                B 15    GOES 4.5E-05                     
31777081102  1502 1507 1505 N35W19SF                       B 72    GOES 1.3E-04 11007               
31777081102  2012 2017 2015 N36W29SF                       B 57    GOES 7.5E-05 11007               
31777081103  1042 1048 1046                                B 29    GOES 5.2E-05                     
31777081103  1115 1122 1119                                C 16    GOES 3.5E-04                     
31777081103  2245 2303 2256 N37W42SF                       B 24    GOES 1.9E-04 11007               
31777081104  0317 0336 0330 N35W38SF                       C 10    GOES 6.2E-04 11007               
31777081104  0537 0544 0541                                B 10    GOES 3.2E-05                     
31777081105  1252 1303 1256                                B 34    GOES 1.6E-04                     
31777081110  2018 2038 2031                                B 30    GOES 2.5E-04 11008               
31777081112  0002 0025 0009                                B 14    GOES 1.7E-04 11008               
31777081211  0522 0550 0537                                B 26    GOES 3.4E-04 11009
31777081211  0827 0833 0831                                B 22    GOES 4.6E-05 11009
31777081211  0922 0927 0925                                C 14    GOES 2.1E-04 11009
31777081211  1134 1141 1137                                B 10    GOES 2.8E-05 11009
31777081211  1141 1146 1144                                B 96    GOES 1.9E-04 11009
31777081211  1412 1417 1415                                B 21    GOES 3.4E-05 11009
