31777970105  1331 1610 1445                                A 6     GOES 4.3E-04     
31777970107  0835 0843 0840 S01W38SF                       A 7     GOES 1.5E-05 8009
31777970116  1602 1611 1605                                B 11    GOES 4.1E-05   
31777970116  2213 2213 2213                                A 50    GOES             
31777970119  0954 1012 0957                                A 81    GOES 9.5E-06     
31777970120  0827 0849 0833 S04W35SF                       B 45    GOES 3.9E-04 8011
31777970127  1421 1430 1425                                B 13    GOES 4.9E-05     
31777970129  1515 1524 1519 N02E42SF                       B 10    GOES 4.8E-05     
31777970129  1841 1853 1847                                B 12    GOES 7.5E-05     
31777970129  1913 1920 1917 N02E40SF                       B 58    GOES 1.6E-04 8015
31777970202  0427 0450 0439                                B 35    GOES 3.5E-04     
31777970202  0625 0640 0634 S23E36SF                       C 26    GOES 1.2E-03     
31777970202  0832 0855 0842                                B 38    GOES 4.0E-04     
31777970202  0940 0955 0945 S20E31SF                       B 37    GOES 2.3E-04     
31777970202  1053 1059 1057 S20E30SF                       B 52    GOES 1.2E-04     
31777970202  1124 1148 1146                                B 90    GOES 3.1E-04     
31777970202  1134 1140 1137                                B 14    GOES 4.8E-05     
31777970202  1242 1251 1246                                B 11    GOES 5.5E-05     
31777970202  1340 1357 1350 S20E28SF                       B 64    GOES 3.9E-04     
31777970202  1457 1506 1500                                B 15    GOES 7.2E-05     
31777970202  1515 1521 1519                                B 19    GOES 5.7E-05     
31777970202  1537 1543 1540                                B 14    GOES 4.2E-05     
31777970202  1720 1736 1726                                B 15    GOES 1.2E-04     
31777970202  1923 1954 1935 S21E25SF                       B 62    GOES 8.3E-04 8016
31777970202  2042 2047 2045                                B 15    GOES 4.1E-05     
31777970202  2116 2130 2124                                B 90    GOES 3.9E-04     
31777970203  0003 0015 0007                                B 15    GOES 1.0E-04     
31777970203  0200 0207 0203                                B 12    GOES 4.4E-05     
31777970203  0446 0453 0450                                B 72    GOES 2.5E-04     
31777970203  0610 0630 0620                                B 35    GOES 3.3E-04     
31777970203  0912 0925 0917                                B 13    GOES 9.6E-05     
31777970203  1014 1023 1019 S22E16SF                       B 42    GOES 1.4E-04 8016
31777970203  1517 1523 1521                                B 14    GOES 4.3E-05     
31777970203  1537 1544 1541                                B 18    GOES 6.0E-05     
31777970203  1548 1553 1551                                B 17    GOES 4.5E-05     
31777970203  1618 1639 1630                                B 17    GOES 1.9E-04     
31777970203  1820 1850 1838                                B 26    GOES 3.5E-04     
31777970204  0042 0100 0057                                B 30    GOES 2.6E-04     
31777970204  0104 0109 0107 S21E08SF                       B 36    GOES 7.4E-05 8016
31777970204  0207 0213 0211                                B 12    GOES 4.1E-05     
31777970204  0440 0447 0444                                B 16    GOES 5.9E-05     
31777970204  0522 0537 0530 S21E05SF                       B 28    GOES 2.0E-04 8016
31777970204  1111 1119 1117 S21E01SF                       C 18    GOES 3.4E-04 8016
31777970204  1311 1321 1315 N06W46SF                       B 16    GOES 7.1E-05 8015
31777970204  1343 1359 1350                                B 12    GOES 1.1E-04     
31777970204  1422 1454 1436                                B 24    GOES 3.9E-04     
31777970204  1843 1910 1900                                B 58    GOES 6.8E-04 8015
31777970207  1914 1923 1917                                B 12    GOES 5.4E-05     
31777970208  1356 1402 1359                                B 19    GOES 5.5E-05     
31777970208  1612 1623 1616                                B 33    GOES 1.3E-04     
31777970208  1633 1639 1636                                B 14    GOES 4.6E-05     
31777970208  1746 1753 1750                                B 13    GOES 4.3E-05     
31777970219  2217 2226 2223 N08W79SF                       C 39    GOES 1.0E-03 8018
31777970220  0122 0132 0129                                B 61    GOES 2.2E-04     
31777970220  0134 0143 0139                                C 10    GOES 3.6E-04     
31777970220  0516 0533 0529                                B 90    GOES 4.4E-04     
31777970220  0758 0805 0803                                C 34    GOES 6.4E-04     
31777970220  1010 1019 1015                                B 35    GOES 1.2E-04     
31777970220  1044 1105 1100                                B 50    GOES 3.2E-04     
31777970220  1137 1146 1144                                C 48    GOES 1.2E-03     
31777970220  1652 1658 1655                                B 16    GOES 4.5E-05     
31777970220  1717 1723 1721                                B 15    GOES 2.9E-05     
31777970221  1015 1028 1019                                B 13    GOES 8.2E-05     
31777970223  0221 0434 0333                                B 72    GOES 4.1E-03     
31777970225  0727 0739 0727                                B 12    GOES 6.5E-05  
31777970305  1146 1159 1157                                B 35    GOES 1.6E-04     
31777970305  1322 1328 1326                                B 18    GOES 3.8E-05     
31777970305  1539 1548 1545                                B 13    GOES 5.7E-05     
31777970305  2054 2102 2059                                B 43    GOES 1.2E-04     
31777970305  2246 2257 2250                                B 11    GOES 6.5E-05     
31777970306  0026 0032 0030                                B 34    GOES 6.9E-05     
31777970306  0041 0052 0049 N02E78SF                       B 89    GOES 2.8E-04     
31777970306  0342 0348 0346                                B 22    GOES 7.3E-05     
31777970306  0526 0532 0530                                B 32    GOES 6.3E-05     
31777970306  0554 0604 0559                                B 16    GOES 7.8E-05     
31777970306  0609 0617 0614 N03E77SF                       B 39    GOES 1.0E-04     
31777970309  0340 0945 0633                                B 32    GOES 3.6E-03     
31777970314  2226 2236 2231                                B 31    GOES 1.3E-04     
31777970316  0038 0057 0049 S31W44SF                       B 18    GOES 1.7E-04 8021
31777970327  0608 0627 0616                                B 17    GOES 1.6E-04     
31777970327  0650 0704 0656                                B 19    GOES 1.2E-04     
31777970327  1001 1015 1005                                B 11    GOES 8.6E-05     
31777970327  1022 1041 1035                                C 10    GOES 6.2E-04     
31777970327  1223 1253 1238                                B 18    GOES 2.5E-04     
31777970327  1403 1426 1418                                B 84    GOES 7.0E-04     
31777970327  1553 1602 1600                                B 11    GOES 5.6E-05     
31777970327  1630 1649 1645                                B 34    GOES 2.1E-04     
31777970327  1756 1850 1836                                B 45    GOES 1.0E-03     
31777970327  1923 1942 1937 S24E80SF                       B 53    GOES 4.8E-04 8026
31777970327  2102 2118 2111                                B 26    GOES 1.8E-04     
31777970327  2139 2152 2150 S25E79SF                       B 46    GOES 2.7E-04 8026
31777970328  0020 0031 0025 S25E75SF                       B 11    GOES 6.6E-05 8026
31777970328  0109 0135 0120                                C 15    GOES 1.5E-03     
31777970328  0218 0230 0225                                B 35    GOES 1.7E-04     
31777970328  0315 0322 0319                                B 12    GOES 3.6E-05     
31777970328  0400 0410 0405                                B 23    GOES 8.6E-05     
31777970328  0437 0442 0440                                B 11    GOES 2.7E-05     
31777970328  0702 0707 0705                                B 11    GOES 2.6E-05     
31777970328  0855 0932 0925 S27E69SF                       B 22    GOES 3.7E-04 8026
31777970328  1648 1655 1651                                B 10    GOES 3.7E-05     
31777970328  1716 1721 1719                                B 10    GOES 2.7E-05     
31777970329  0334 0340 0337                                B 10    GOES 2.9E-05     
31777970329  0522 0548 0535                                B 33    GOES 3.7E-04     
31777970329  0610 0616 0613                                B 24    GOES 5.6E-05     
31777970329  0634 0654 0645                                B 30    GOES 2.6E-04     
31777970329  0943 0955 0948                                B 15    GOES 8.4E-05     
31777970329  1358 1418 1406                                B 14    GOES 1.5E-04     
31777970329  2021 2027 2024                                B 10    GOES 3.3E-05     
31777970329  2041 2052 2045 S25E49SF                       B 34    GOES 1.4E-04 8026
31777970330  2253 2258 2256                                B 18    GOES 3.0E-05     
31777970331  0431 0447 0437                                B 21    GOES 1.7E-04     
31777970401  0752 0804 0759 S25E20SF                       C 22    GOES 8.6E-04 8026
31777970401  0949 0955 0952                                B 11    GOES 3.3E-05     
31777970401  1007 1022 1015                                B 23    GOES 1.7E-04     
31777970401  1023 1038 1032                                C 21    GOES 1.2E-03     
31777970401  1140 1148 1144 S26E17SF                       B 16    GOES 5.5E-05 8026
31777970401  1250 1305 1257 S26E17SF                       B 36    GOES 2.3E-04 8026
31777970401  1325 1401 1348 S25E161B                       M 19    GOES 6.1E-03 8026
31777970401  1445 1454 1451 S26E17SF                       B 66    GOES 1.9E-04 8026
31777970401  2035 2046 2041                                B 41    GOES 1.7E-04     
31777970401  2115 2121 2118                                B 22    GOES 6.0E-05     
31777970401  2138 2156 2149                                B 21    GOES 1.8E-04     
31777970402  0028 0043 0040 S27E09SF                       C 22    GOES 8.9E-04 8026
31777970402  0223 0242 0238                                B 22    GOES 1.7E-04     
31777970402  0408 0414 0412                                B 22    GOES 5.6E-05     
31777970402  0415 0424 0420                                B 52    GOES 2.0E-04     
31777970402  0524 0537 0532 S25E05SF                       C 13    GOES 6.1E-04 8026
31777970402  0701 0719 0708 S24E09SF                       B 38    GOES 3.4E-04 8026
31777970402  0803 0808 0806                                B 13    GOES 3.5E-05     
31777970402  0822 0842 0835 S24E08SF                       B 35    GOES 2.6E-04 8026
31777970402  0920 0933 0928 S24E07SF                       B 68    GOES 3.2E-04 8026
31777970402  1019 1030 1024 S24E06SF                       B 24    GOES 1.3E-04 8026
31777970402  1051 1103 1057                                B 24    GOES 1.4E-04     
31777970402  1202 1208 1206 S24E06SF                       B 24    GOES 6.4E-05 8026
31777970402  1240 1245 1243                                B 12    GOES 3.1E-05     
31777970402  1637 1650 1643                                B 44    GOES 2.6E-04     
31777970402  2045 2108 2054                                B 19    GOES 2.3E-04     
31777970402  2241 2256 2251                                B 42    GOES 2.4E-04     
31777970403  0010 0015 0013                                B 10    GOES 2.9E-05     
31777970403  0104 0119 0113                                B 42    GOES 2.4E-04     
31777970403  0216 0231 0227                                B 84    GOES 2.9E-04     
31777970403  1230 1408 1327                                C 12    GOES 5.0E-03     
31777970404  1710 1719 1714                                B 10    GOES 4.7E-05     
31777970404  2006 2016 2009                                B 12    GOES 6.1E-05     
31777970405  0117 0129 0124                                B 30    GOES 1.4E-04     
31777970405  0752 0805 0758                                B 12    GOES 8.0E-05     
31777970405  1514 1540 1531 S29E41SF                       B 48    GOES 5.0E-04 8027
31777970405  2016 2042 2029 S27E40SF                       B 56    GOES 6.4E-04 8027
31777970406  0713 0726 0720                                B 11    GOES 8.2E-05     
31777970406  0759 0839 0832                                B 18    GOES 3.3E-04     
31777970406  1829 1923 1846                                B 26    GOES 7.3E-04     
31777970406  2333 0102 0034                                B 37    GOES 1.6E-03     
31777970407  1012 1024 1016                                B 12    GOES 7.5E-05     
31777970407  1142 1209 1159                                B 33    GOES 4.1E-04     
31777970407  1350 1419 1407 S30E193N                       C 68    GOES 7.4E-03 8027
31777970409  0418 0446 0434 S29W04SF                       B 42    GOES 5.7E-04 8027
31777970409  1050 1150 1140                                C 15    GOES 1.1E-03     
31777970409  1732 1738 1735                                B 10    GOES 3.3E-05     
31777970413  1248 1257 1252                                B 11    GOES 5.1E-05     
31777970413  1833 1857 1846 S29W47SF                       B 82    GOES 7.4E-04 8031
31777970413  2037 2044 2040                                B 10    GOES 3.7E-05     
31777970413  2304 2334 2317                                B 21    GOES 3.0E-04     
31777970414  0103 0113 0107                                B 17    GOES 8.2E-05     
31777970414  0229 0243 0238                                B 49    GOES 2.3E-04     
31777970414  0623 0642 0637                                B 20    GOES 1.8E-04     
31777970414  0658 0704 0701                                B 11    GOES 3.5E-05     
31777970414  0758 0854 0842                                C 12    GOES 1.9E-03     
31777970414  0939 1001 0950                                B 32    GOES 3.2E-04     
31777970414  1102 1125 1116                                B 18    GOES 2.1E-04     
31777970414  1325 1346 1333                                B 25    GOES 2.7E-04     
31777970414  1523 1548 1526                                B 11    GOES 1.5E-04     
31777970414  1600 1610 1605                                B 10    GOES 5.8E-05     
31777970414  1632 1659 1649                                B 36    GOES 4.0E-04     
31777970414  2131 2146 2138                                B 19    GOES 1.4E-04     
31777970414  2311 2317 2314                                B 10    GOES 3.0E-05     
31777970415  0254 0303 0301                                B 18    GOES 6.2E-05     
31777970415  0641 0647 0645 S23E13                         B 17    GOES 4.9E-05 8032
31777970415  0758 0838 0812                                B 45    GOES 8.2E-04     
31777970415  0957 1005 1002 S23E11SF                       B 68    GOES 2.5E-04 8032
31777970415  1010 1030 1019 S23E11SF                       B 59    GOES 5.8E-04 8032
31777970415  1218 1226 1221                                B 13    GOES 4.6E-05     
31777970415  1245 1259 1255                                B 48    GOES 1.9E-04     
31777970415  1301 1314 1306                                B 43    GOES 2.8E-04     
31777970415  1400 1426 1420                                C 10    GOES 2.3E-03 8032
31777970415  1726 1740 1736                                B 53    GOES 3.3E-04 8031
31777970415  1804 1812 1809                                B 94    GOES 2.5E-04     
31777970415  2004 2009 2007 S24E04SF                       B 31    GOES 6.4E-05 8032
31777970415  2059 2108 2105                                B 38    GOES 1.3E-04     
31777970415  2225 2230 2228                                B 47    GOES 8.2E-05     
31777970415  2249 2301 2254                                B 18    GOES 1.1E-04     
31777970415  2343 0003 2357                                B 17    GOES 1.8E-04     
31777970416  1310 1325 1321                                B 21    GOES 1.7E-04     
31777970416  1403 1423 1412                                B 19    GOES 2.0E-04     
31777970416  1550 1559 1553                                B 10    GOES 5.1E-05     
31777970416  1626 1631 1629                                B 15    GOES 3.1E-05     
31777970416  1831 1848 1843                                B 35    GOES 2.0E-04     
31777970417  0023 0106 0058                                B 27    GOES 4.2E-04     
31777970426  0120 0130 0125                                B 11    GOES 4.8E-05     
31777970426  2338 0008 2350 S17W37SF                       B 68    GOES 8.1E-04 8036
31777970503  2157 2300 2212                                B 10    GOES 2.8E-04     
31777970504  0701 0713 0706                                B 12    GOES 7.0E-05     
31777970504  1251 1301 1255                                B 12    GOES 5.8E-05     
31777970504  1312 1327 1319                                B 17    GOES 1.2E-04     
31777970505  0035 0131 0100                                B 43    GOES 1.1E-03     
31777970506  1404 1413 1407 N18E65SF                       B 12    GOES 5.3E-05 8038
31777970507  0312 0356 0323                                B 19    GOES 4.5E-04     
31777970512  0055 0117 0102                                B 12    GOES 1.4E-04     
31777970512  0442 0526 0455                                C 13    GOES 2.5E-03 8038
31777970513  1816 1829 1823                                B 14    GOES 8.7E-05     
31777970513  2013 2024 2017                                B 15    GOES 9.5E-05     
31777970513  2052 2104 2058                                B 15    GOES 9.3E-05     
31777970513  2117 2129 2123                                B 19    GOES 1.2E-04     
31777970513  2309 2337 2320                                B 25    GOES 3.1E-04     
31777970514  0036 0051 0042                                B 15    GOES 1.1E-04     
31777970514  0110 0125 0117                                B 37    GOES 2.2E-04     
31777970514  0609 0627 0620                                B 17    GOES 1.6E-04     
31777970515  1922 1929 1926                                B 14    GOES 4.5E-05     
31777970516  1256 1307 1301 N22W69SF                       B 21    GOES 9.4E-05 8038
31777970518  0607 0624 0616                                B 19    GOES 1.4E-04     
31777970518  1029 1042 1034                                B 13    GOES 8.2E-05     
31777970519  0248 0352 0333                                B 31    GOES 7.8E-04     
31777970519  1018 1023 1021                                B 10    GOES 2.4E-05     
31777970520  1745 1847 1812                                B 28    GOES 8.2E-04     
31777970520  2145 2216 2210                                C 42    GOES 2.9E-03     
31777970521  0037 0053 0048 N04E00SF                       B 23    GOES 1.9E-04 8040
31777970521  0109 0124 0119                                B 46    GOES 3.3E-04     
31777970521  0438 0445 0443                                B 22    GOES 7.0E-05     
31777970521  0553 0558 0556                                B 23    GOES 5.9E-05     
31777970521  0604 0638 0625 N04W02SF                       C 27    GOES 3.2E-03 8040
31777970521  1649 1706 1655 N04W08SF                       B 54    GOES 4.0E-04 8040
31777970521  2003 2027 2015 N05W12SF                       M 13    GOES 1.2E-02 8040
31777970522  0741 0747 0744                                B 19    GOES 5.9E-05     
31777970522  0841 0846 0844                                B 24    GOES 4.3E-05     
31777970522  1356 1407 1401                                B 23    GOES 1.2E-04     
31777970522  1946 1956 1949                                B 16    GOES 8.9E-05     
31777970522  2139 2149 2144                                B 19    GOES 9.7E-05     
31777970522  2209 2224 2217                                B 28    GOES 2.1E-04     
31777970523  0412 0423 0418                                B 25    GOES 1.2E-04     
31777970523  0931 0951 0937 N04W32SF                       B 22    GOES 2.3E-04 8040
31777970523  1410 1433 1417                                B 11    GOES 1.4E-04     
31777970523  1946 2020 1958 N02W26SF                       B 35    GOES 5.7E-04 8045
31777970523  2244 2253 2247                                B 12    GOES 6.0E-05     
31777970524  0038 0106 0058 S28E66SF                       B 52    GOES 4.5E-04 8046
31777970524  1909 1934 1923                                B 21    GOES 2.5E-04     
31777970525  1338 1409 1359 S28E50SF                       B 48    GOES 6.8E-04 8046
31777970525  1425 1552 1500                                B 65    GOES 2.8E-03     
31777970525  1948 1958 1953                                B 30    GOES 1.6E-04     
31777970525  2139 2216 2155                                B 22    GOES 4.6E-04     
31777970526  0127 0138 0131                                B 30    GOES 1.8E-04     
31777970526  0930 1014 1004                                B 37    GOES 6.4E-04     
31777970526  1202 1212 1207                                B 16    GOES 8.4E-05     
31777970526  1528 1537 1532                                B 24    GOES 1.2E-04     
31777970526  2017 2027 2021                                B 36    GOES 1.9E-04     
31777970526  2243 2251 2247                                B 27    GOES 1.1E-04     
31777970527  0438 0455 0444                                B 76    GOES 5.6E-04     
31777970527  0517 0530 0522                                B 33    GOES 2.3E-04     
31777970527  0632 0656 0645                                B 32    GOES 4.1E-04     
31777970527  0705 0722 0713                                B 57    GOES 4.7E-04     
31777970527  0807 0831 0813                                B 34    GOES 4.2E-04     
31777970527  0931 1007 0957 N02W801F                       C 46    GOES 5.9E-03 8045
31777970527  1304 1344 1317                                B 84    GOES 1.5E-03 8045
31777970527  1517 1530 1524                                B 31    GOES 2.2E-04     
31777970527  1553 1617 1604                                C 10    GOES 1.2E-03     
31777970528  0043 0053 0047                                B 21    GOES 1.1E-04     
31777970528  0315 0406 0342                                C 12    GOES 2.1E-03     
31777970528  0657 0707 0702 S29E17SF                       B 22    GOES 1.0E-04 8046
31777970528  0927 0948 0937                                B 24    GOES 2.4E-04     
31777970528  1137 1151 1144                                B 24    GOES 1.7E-04     
31777970528  1200 1235 1222                                B 33    GOES 5.9E-04     
31777970528  1410 1426 1420                                B 48    GOES 3.2E-04     
31777970528  1433 1440 1437                                B 45    GOES 1.5E-04     
31777970528  1644 1706 1650                                B 13    GOES 1.6E-04     
31777970528  1749 1809 1755                                B 21    GOES 2.3E-04     
31777970528  2341 2349 2345                                B 14    GOES 5.0E-05     
31777970531  1159 1222 1206 S28W28SF                       B 17    GOES 1.9E-04 8046
31777970601  2024 2036 2028                                B 15    GOES 9.0E-05     
31777970603  0758 0809 0802                                B 13    GOES 6.4E-05     
31777970607  1313 1322 1316                                B 10    GOES 4.6E-05     
31777970607  1853 1925 1905                                B 18    GOES 3.0E-04     
31777970609  0934 0944 0940                                B 17    GOES 7.6E-05     
31777970609  1416 1429 1422                                B 50    GOES 2.7E-04     
31777970609  1715 1723 1720                                B 21    GOES 6.8E-05     
31777970609  2001 2040 2013                                B 20    GOES 3.8E-04     
31777970609  2229 2247 2238                                B 23    GOES 2.1E-04     
31777970613  0925 0933 0930                                B 31    GOES 8.3E-05     
31777970628  1117 1131 1124                                B 21    GOES 1.3E-04     
31777970628  2125 2134 2130 N31E13SF                       B 15    GOES 5.4E-05 8057
31777970629  2341 0005 2352 N17W82SF                       C 11    GOES 1.1E-03 8056
31777970630  0316 0323 0320 N29W01SF                       B 14    GOES 4.1E-05 8057
31777970704  1717 1738 1726                                A 38    GOES 3.6E-05     
31777970712  1514 1536 1524                                C 12    GOES 1.0E-03     
31777970716  0517 0529 0522                                B 12    GOES 7.4E-05     
31777970720  2109 2116 2112                                B 10    GOES 4.0E-05     
31777970721  0349 0413 0400                                B 18    GOES 2.2E-04     
31777970721  1019 1028 1023                                B 10    GOES 4.9E-05     
31777970723  0701 0724 0706                                B 12    GOES 1.4E-04     
31777970723  0729 0737 0733                                B 10    GOES 4.5E-05     
31777970723  0811 0817 0815                                B 21    GOES 4.6E-05     
31777970723  0954 1002 0958                                B 24    GOES 7.2E-05     
31777970723  1105 1118 1109                                B 13    GOES 7.7E-05     
31777970723  1237 1244 1240                                B 15    GOES 5.8E-05     
31777970723  2028 2034 2031                                B 19    GOES 4.8E-05     
31777970724  0245 0257 0249                                B 13    GOES 8.0E-05     
31777970724  0335 0343 0338                                B 11    GOES 4.1E-05     
31777970724  0651 0711 0657 N27W14SF                       B 27    GOES 2.3E-04 8062
31777970724  1254 1311 1305 N17W37SF                       B 91    GOES 5.0E-04     
31777970724  1844 1903 1852                                B 50    GOES 4.3E-04     
31777970724  2153 2222 2200                                B 25    GOES 3.7E-04     
31777970724  2335 2348 2341                                B 25    GOES 1.6E-04     
31777970725  0019 0036 0028                                B 19    GOES 1.8E-04     
31777970725  0515 0658 0541 N20W44                         C 12    GOES 5.8E-03 8065
31777970725  1037 1042 1040 N23E80SF                       B 52    GOES 1.3E-04     
31777970725  1201 1211 1204                                B 22    GOES 1.2E-04     
31777970725  1232 1246 1238                                B 39    GOES 2.6E-04     
31777970725  1326 1337 1331                                B 31    GOES 1.8E-04     
31777970725  1411 1450 1428                                B 47    GOES 1.0E-03     
31777970725  1533 1548 1539 N17W51SF                       B 91    GOES 6.3E-04 8065
31777970725  1744 1752 1749                                B 33    GOES 1.1E-04     
31777970725  1824 1834 1830                                B 16    GOES 8.2E-05     
31777970725  1845 1859 1855                                C 11    GOES 4.3E-04 8065
31777970725  1934 1948 1941                                B 46    GOES 2.7E-04     
31777970725  2332 2344 2336                                B 64    GOES 3.5E-04     
31777970726  0012 0018 0016 N22W57SF                       B 43    GOES 9.8E-05 8065
31777970726  0243 0257 0252                                B 22    GOES 1.5E-04     
31777970726  0455 0503 0500                                B 14    GOES 5.6E-05     
31777970726  0528 0534 0531                                B 14    GOES 4.5E-05     
31777970726  0742 0753 0749                                B 16    GOES 8.5E-05     
31777970726  1827 1833 1830                                B 20    GOES 6.2E-05     
31777970726  2106 2115 2110                                B 11    GOES 5.2E-05     
31777970727  0022 0029 0026                                B 11    GOES 4.1E-05     
31777970727  0148 0159 0154                                B 12    GOES 7.3E-05     
31777970727  0209 0222 0215                                B 83    GOES 4.4E-04     
31777970727  0325 0339 0333 N32W48SF                       B 95    GOES 4.8E-04 8062
31777970727  0427 0447 0439                                B 26    GOES 2.5E-04     
31777970727  0632 0645 0637                                B 14    GOES 8.4E-05     
31777970727  0810 0822 0816 N26W56SF                       B 27    GOES 1.4E-04 8062
31777970727  1827 1837 1833 N24E50SF                       B 22    GOES 9.7E-05 8066
31777970727  2049 2059 2055                                B 14    GOES 6.7E-05     
31777970727  2110 2116 2113                                B 10    GOES 3.3E-05     
31777970728  1016 1033 1024                                B 22    GOES 1.9E-04     
31777970728  2234 2243 2240                                B 14    GOES 5.9E-05     
31777970729  0015 0023 0019                                B 26    GOES 8.7E-05     
31777970729  0103 0113 0109                                B 20    GOES 9.4E-05     
31777970729  0709 0737 0728                                B 40    GOES 4.1E-04 8066
31777970729  1317 1330 1324 N25E26SF                       B 51    GOES 2.2E-04 8066
31777970801  2358 0020 0006                                B 18    GOES 1.9E-04      
31777970806  0559 0612 0606 N20W38SF                       B 49    GOES 3.0E-04  8069
31777970806  0919 0934 0925                                B 14    GOES 1.1E-04      
31777970807  1136 1141 1139 N19W57SF                       B 11    GOES 1.8E-05  8069
31777970807  1235 1241 1238                                B 14    GOES 3.8E-05      
31777970807  1302 1308 1306 N19W57                         B 21    GOES 4.6E-05  8069
31777970807  1843 1858 1851                                B 28    GOES 2.0E-04      
31777970807  2008 2100 2037                                B 35    GOES 8.2E-04      
31777970808  0905 0914 0909                                B 17    GOES 6.9E-05      
31777970808  1247 1255 1251 N19W71SF                       B 18    GOES 7.5E-05  8069
31777970808  1442 1447 1445                                B 12    GOES 2.9E-05      
31777970809  0154 0217 0201                                B 26    GOES 2.9E-04      
31777970809  0722 0731 0727                                B 21    GOES 9.2E-05      
31777970809  0843 0912 0905                                B 52    GOES 6.5E-04      
31777970809  1144 1150 1148                                B 52    GOES 1.2E-04      
31777970809  1204 1222 1213 N19W86SF                       C 10    GOES 6.7E-04  8069
31777970809  1254 1306 1302                                C 37    GOES 1.4E-03      
31777970809  1505 1532 1524                                C 11    GOES 1.0E-03      
31777970809  1607 1615 1613 N20W82                         B 49    GOES 1.8E-04  8069
31777970809  1630 1638 1634 N19W85SF                       C 85    GOES 2.1E-03  8069
31777970809  1900 1906 1904                                B 94    GOES 1.9E-04      
31777970809  1913 1923 1917                                B 33    GOES 1.7E-04      
31777970809  2341 2355 2350                                C 32    GOES 1.4E-03      
31777970810  0144 0215 0150                                B 61    GOES 9.5E-04      
31777970810  0720 0735 0729                                C 30    GOES 1.6E-03      
31777970810  0836 0849 0842                                C 10    GOES 6.4E-04      
31777970810  1101 1106 1104                                B 29    GOES 8.0E-05      
31777970810  1132 1137 1135                                B 26    GOES 6.2E-05      
31777970810  1459 1507 1504                                B 34    GOES 1.2E-04      
31777970810  1715 1723 1718                                B 16    GOES 7.1E-05      
31777970810  1815 1842 1833                                B 86    GOES 7.6E-04      
31777970810  1920 1927 1924                                B 35    GOES 1.2E-04      
31777970810  2000 2028 2019                                C 46    GOES 4.2E-03      
31777970810  2342 0019 0003                                C 55    GOES 7.7E-03      
31777970811  0138 0159 0145                                B 32    GOES 3.7E-04      
31777970811  0854 0929 0909 N22E02SF                       C 11    GOES 2.0E-03  8072
31777970812  0549 0601 0555 N28E80SF                       B 36    GOES 1.8E-04  8074
31777970812  0927 0937 0932 N25E16SF                       B 23    GOES 1.1E-04  8073
31777970812  1513 1531 1516                                B 12    GOES 1.2E-04      
31777970812  1612 1619 1616                                B 13    GOES 5.0E-05      
31777970812  2146 2154 2151                                B 18    GOES 6.1E-05      
31777970813  0642 0706 0647                                B 21    GOES 2.7E-04      
31777970813  1831 1851 1839 N26W03SF                       B 33    GOES 3.0E-04  8071
31777970814  0112 0141 0132 N26W04SF                       C 10    GOES 7.3E-04  8071
31777970815  0827 0843 0834                                B 14    GOES 1.1E-04      
31777970815  1605 1619 1611                                B 11    GOES 8.9E-05      
31777970815  1903 1909 1906                                B 12    GOES 3.4E-05      
31777970816  0821 0830 0826                                B 14    GOES 6.4E-05      
31777970816  1343 1358 1348                                B 12    GOES 9.6E-05      
31777970817  0216 0231 0224                                B 18    GOES 1.3E-04      
31777970817  1829 1838 1834                                B 39    GOES 1.3E-04      
31777970818  1019 1027 1023                                B 11    GOES 4.6E-05      
31777970821  0428 0446 0435 N29W34SF                       B 36    GOES 2.7E-04  8074
31777970823  1413 1456 1434                                B 31    GOES 7.2E-04      
31777970824  0626 0642 0632                                B 11    GOES 9.8E-05      
31777970824  1829 1843 1834 S23E72SF                       B 24    GOES 1.5E-04      
31777970824  2116 2203 2151                                B 35    GOES 7.4E-04      
31777970825  0149 0158 0154                                B 17    GOES 7.1E-05      
31777970825  0248 0254 0251                                B 12    GOES 3.9E-05      
31777970825  1518 1525 1522 N28E69SF                       C 12    GOES 2.9E-04  8076
31777970825  1625 1729 1715 N27E69SF                       C 12    GOES 5.4E-03  8076
31777970825  2226 2237 2231                                B 42    GOES 2.1E-04      
31777970826  0003 0009 0007                                B 26    GOES 7.8E-05      
31777970826  0051 0056 0054 N21E57SF                       C 40    GOES 6.6E-04  8076
31777970826  0505 0512 0508                                B 22    GOES 8.3E-05      
31777970826  0526 0535 0532 N26E55SF                       C 45    GOES 1.2E-03  8076
31777970826  1218 1227 1222                                B 23    GOES 1.2E-04      
31777970826  1958 2005 2001                                B 53    GOES 1.6E-04      
31777970826  2008 2019 2013 N29E54SF                       B 88    GOES 4.5E-04  8076
31777970827  0150 0158 0155                                B 18    GOES 7.6E-05      
31777970827  0224 0229 0227                                B 17    GOES 4.3E-05      
31777970827  0308 0313 0311                                B 14    GOES 3.6E-05      
31777970827  1623 1638 1630                                B 19    GOES 1.5E-04      
31777970827  2119 2129 2124                                B 15    GOES 8.3E-05      
31777970828  0408 0413 0411                                B 43    GOES 1.2E-04      
31777970828  0715 0728 0720                                B 35    GOES 2.3E-04      
31777970828  1211 1225 1215                                B 62    GOES 4.1E-04      
31777970828  2028 2100 2045                                B 93    GOES 1.5E-03      
31777970829  0417 0438 0428                                C 40    GOES 3.3E-03      
31777970829  0611 0619 0615 N29E25SF                       B 31    GOES 1.3E-04  8076
31777970829  0839 0849 0844                                B 52    GOES 2.7E-04      
31777970829  0918 0930 0924 N31E24SF                       B 67    GOES 4.1E-04  8076
31777970829  1723 1738 1730 N30E20SF                       C 10    GOES 6.2E-04  8076
31777970829  2256 2354 2332 N30E17SF                       M 14    GOES 2.0E-02      
31777970830  0548 0555 0552                                B 42    GOES 1.6E-04      
31777970830  0720 0728 0725 N24E10SF                       B 57    GOES 2.1E-04  8076
31777970830  1035 1059 1042                                B 55    GOES 6.9E-04      
31777970830  1107 1132 1125 N23E03SF                       C 19    GOES 2.2E-03  8076
31777970830  1511 1520 1516 N28E05                         B 63    GOES 2.8E-04  8076
31777970830  1709 1720 1715                                B 51    GOES 2.7E-04      
31777970831  1126 1133 1131 N29W05SF                       C 27    GOES 5.0E-04  8076
31777970831  1904 1920 1915 N29W10SF                       C 12    GOES 8.5E-04  8076
31777970831  2218 2226 2223 N30W12SF                       C 14    GOES 4.8E-04  8076
31777970831  2237 2247 2241                                B 45    GOES 2.4E-04      
31777970901  0132 0146 0139                                B 39    GOES 2.9E-04      
31777970901  0152 0214 0201                                C 22    GOES 2.1E-03      
31777970901  0233 0241 0238                                C 11    GOES 3.2E-04      
31777970901  0337 0342 0340                                B 29    GOES 7.8E-05      
31777970901  0353 0402 0356 N24W14SF                       B 29    GOES 1.3E-04  8076
31777970901  0436 0446 0442                                B 52    GOES 2.5E-04      
31777970901  0920 0933 0927                                B 25    GOES 1.7E-04      
31777970901  1607 1616 1610                                B 21    GOES 1.1E-04      
31777970901  2211 2220 2214                                B 26    GOES 1.2E-04      
31777970902  0654 0700 0658 N29W35SF                       B 38    GOES 1.1E-04  8076
31777970902  1140 1155 1144 N30W36SF                       B 35    GOES 2.6E-04  8076
31777970902  1225 1234 1230 N28W371N                       M 10    GOES 2.8E-03  8076
31777970902  1526 1542 1534 N29W35SF                       B 27    GOES 2.4E-04  8076
31777970902  1635 1643 1639 N29W39SF                       C 12    GOES 3.9E-04  8076
31777970902  2106 2119 2113 N24W36SF                       C 41    GOES 1.9E-03  8076
31777970902  2354 0003 2359 N32W41SF                       C 28    GOES 8.4E-04  8076
31777970903  0205 0217 0212 N32W431F                       C 27    GOES 1.2E-03  8076
31777970903  0332 0340 0336                                B 72    GOES 3.1E-04      
31777970903  0531 0553 0537                                C 17    GOES 1.4E-03      
31777970903  0639 0645 0642 N30W46SF                       C 10    GOES 2.9E-04  8076
31777970903  1509 1534 1520 N28W48SF                       C 11    GOES 1.3E-03  8076
31777970903  1942 2000 1957                                B 37    GOES 2.9E-04      
31777970903  2225 2253 2241                                B 74    GOES 1.0E-03      
31777970904  2122 2135 2127                                B 74    GOES 4.4E-04      
31777970904  2313 2318 2316 S28E43SF                       B 28    GOES 7.4E-05  8083
31777970905  1055 1116 1102                                B 30    GOES 3.5E-04      
31777970905  1214 1233 1224                                B 73    GOES 6.9E-04      
31777970905  1320 1338 1330 N28W74SF                       C 17    GOES 1.2E-03  8076
31777970905  1748 1754 1751                                B 32    GOES 1.0E-04      
31777970905  1924 1936 1932 N21E23SF                       B 84    GOES 3.9E-04  8082
31777970906  0123 0132 0128                                B 70    GOES 3.0E-04      
31777970906  1115 1123 1119 N21E16SF                       B 42    GOES 1.8E-04  8082
31777970906  2032 2038 2035                                B 38    GOES 1.3E-04      
31777970906  2046 2054 2052                                C 11    GOES 3.6E-04      
31777970907  0300 0349 0317                                C 16    GOES 3.9E-03      
31777970907  0445 0454 0449                                C 14    GOES 6.4E-04      
31777970907  0606 0629 0620 S31E77SF                       C 31    GOES 2.7E-03  8085
31777970908  0117 0127 0120                                B 59    GOES 2.9E-04      
31777970908  0154 0202 0158                                B 67    GOES 2.7E-04      
31777970908  0952 1006 0958                                C 10    GOES 7.9E-04      
31777970908  1024 1039 1030 S25E58SF                       C 23    GOES 1.4E-03  8085
31777970908  1207 1215 1211                                B 81    GOES 3.3E-04      
31777970908  1342 1407 1403 S27E55SF                       C 18    GOES 1.2E-03  8085
31777970908  1606 1628 1613 S25E56SF                       B 77    GOES 9.0E-04  8085
31777970908  1735 1746 1739 S26E53                         C 35    GOES 1.7E-03  8085
31777970908  1923 1948 1927 S28W07SF                       M 10    GOES 9.5E-03  8083
31777970908  2000 2021 2015                                C 54    GOES 6.1E-03      
31777970909  0517 0523 0520                                B 56    GOES 1.7E-04      
31777970909  0945 1003 0953 S20E441N                       C 97    GOES 6.5E-03  8085
31777970909  1351 1356 1352 S28W17SF                       B 64    GOES 1.6E-04  8083
31777970909  1401 1408 1404                                B 78    GOES 2.6E-04  8083
31777970909  1835 1852 1844 S25E431F                       C 25    GOES 1.6E-03  8085
31777970909  2004 2023 2011                                B 71    GOES 7.2E-04      
31777970910  0023 0057 0033                                B 68    GOES 1.2E-03      
31777970910  1008 1027 1014                                C 10    GOES 9.0E-04      
31777970911  1333 1343 1337                                B 37    GOES 2.0E-04      
31777970911  1619 1627 1622 N24W07SF                       B 49    GOES 1.9E-04  8084
31777970911  2320 2326 2324 N23W08SF                       B 52    GOES 1.4E-04  8084
31777970912  0016 0030 0028 N22W16SF                       B 85    GOES 4.6E-04  8084
31777970912  0041 0047 0044                                B 30    GOES 9.6E-05      
31777970912  0207 0213 0211 N22W17SF                       C 11    GOES 2.8E-04  8084
31777970912  1459 1506 1503                                B 47    GOES 1.7E-04      
31777970912  1855 1904 1900 N23W19SF                       C 11    GOES 4.1E-04  8084
31777970912  2004 2011 2009 N22W20SF                       C 10    GOES 3.0E-04  8084
31777970912  2159 2205 2202                                B 38    GOES 1.2E-04      
31777970913  0056 0114 0103                                B 66    GOES 6.0E-04      
31777970913  0623 0640 0630 N21W26SF                       B 84    GOES 6.8E-04  8086
31777970913  1747 1801 1757                                B 49    GOES 3.3E-04      
31777970913  1945 2001 1956                                C 24    GOES 1.4E-03      
31777970913  2336 2356 2342                                B 66    GOES 6.6E-04      
31777970914  0250 0258 0255 S23W79SF                       C 28    GOES 8.1E-04  8083
31777970914  0327 0336 0332                                B 73    GOES 3.1E-04      
31777970914  0351 0420 0414                                C 12    GOES 1.4E-03      
31777970914  0626 0639 0632 S25W18SF                       B 51    GOES 3.4E-04  8085
31777970914  1043 1128 1115 S25W211F                       C 27    GOES 4.2E-03  8085
31777970914  1202 1214 1210                                C 19    GOES 1.1E-03      
31777970914  1351 1420 1359 N22W42SF                       B 67    GOES 1.0E-03  8084
31777970914  1658 1706 1702 N28E43SF                       C 15    GOES 4.7E-04  8086
31777970914  2011 2032 2016 N22W52SF                       C 10    GOES 1.2E-03  8084
31777970915  0202 0227 0214 N22W56SF                       C 44    GOES 4.4E-03  8084
31777970915  0638 0706 0654 N22W59SF                       C 31    GOES 3.6E-03  8084
31777970915  1349 1407 1358                                C 15    GOES 1.3E-03  8086
31777970915  1623 1630 1627 N28E29SF                       B 95    GOES 3.3E-04      
31777970915  1835 1844 1842 N28E28                         C 14    GOES 6.3E-04  8086
31777970915  2037 2053 2046 N28E27SF                       B 77    GOES 6.0E-04  8086
31777970915  2107 2136 2125 N28E28SF                       C 18    GOES 2.5E-03  8086
31777970916  0137 0148 0143                                B 50    GOES 2.9E-04      
31777970916  0200 0211 0205                                B 83    GOES 4.4E-04      
31777970916  0442 0501 0448                                B 45    GOES 4.4E-04      
31777970916  0640 0704 0648 N22W71SF                       B 65    GOES 7.9E-04  8084
31777970916  1026 1033 1030                                B 43    GOES 1.4E-04      
31777970916  1930 1949 1939                                B 71    GOES 6.9E-04      
31777970916  2010 2041 2030                                C 16    GOES 1.3E-03      
31777970916  2112 2118 2115                                B 42    GOES 1.2E-04      
31777970916  2206 2238 2222 N21W74SF                       C 34    GOES 3.9E-03  8084
31777970917  0117 0139 0136                                C 56    GOES 2.3E-03      
31777970917  0342 0423 0405                                C 17    GOES 3.0E-03      
31777970917  0621 0628 0624                                B 38    GOES 1.5E-04      
31777970917  1050 1056 1054                                B 81    GOES 2.0E-04      
31777970917  1135 1152 1143 N21W82SN                       M 17    GOES 9.8E-03  8084
31777970917  1345 1410 1357                                C 12    GOES 1.4E-03      
31777970917  1658 1707 1702                                B 44    GOES 1.9E-04      
31777970917  1725 1737 1730 S26W70SF                       C 12    GOES 6.3E-04  8085
31777970917  1745 1827 1803 N21W84SF                       M 10    GOES 1.9E-02  8084
31777970917  2239 2258 2251                                C 71    GOES 4.5E-03      
31777970917  2358 0002 0001                                C 16    GOES 2.9E-04      
31777970918  0235 0244 0238                                B 46    GOES 2.1E-04      
31777970918  0553 0601 0558                                C 11    GOES 3.4E-04      
31777970918  0654 0714 0701                                B 80    GOES 7.5E-04      
31777970918  0803 0820 0818                                C 14    GOES 1.0E-03      
31777970918  1208 1222 1213                                C 29    GOES 1.5E-03      
31777970918  1604 1611 1608                                B 58    GOES 1.9E-04      
31777970918  1705 1713 1710                                C 15    GOES 4.0E-04      
31777970918  1745 1751 1748                                B 26    GOES 8.6E-05      
31777970918  1816 1821 1819                                B 51    GOES 1.2E-04      
31777970918  1852 1858 1856                                B 36    GOES 1.1E-04      
31777970918  1933 1938 1936                                C 15    GOES 3.9E-04      
31777970918  1947 1956 1953                                C 16    GOES 5.1E-04      
31777970918  2149 2214 2206                                B 61    GOES 7.3E-04      
31777970918  2310 2341 2331                                B 57    GOES 1.1E-03      
31777970919  0001 0027 0013                                C 18    GOES 2.1E-03      
31777970919  0139 0153 0150 S17W881F                       C 86    GOES 3.1E-03  8085
31777970919  0515 0525 0521                                B 62    GOES 2.6E-04      
31777970919  0535 0557 0548                                C 15    GOES 1.4E-03      
31777970919  0911 0940 0929                                C 26    GOES 3.1E-03      
31777970919  1435 1507 1445                                B 97    GOES 1.6E-03      
31777970919  1747 1806 1753                                B 54    GOES 5.4E-04      
31777970920  0027 0155 0048                                B 80    GOES 3.6E-03      
31777970920  0949 1220 1044                                C 23    GOES 1.7E-02      
31777970921  0411 0420 0417                                C 26    GOES 6.4E-04      
31777970921  0549 0558 0554                                B 38    GOES 1.6E-04      
31777970921  0750 0759 0754                                B 26    GOES 1.3E-04      
31777970921  0917 0928 0924                                B 57    GOES 2.9E-04      
31777970921  2044 2053 2049                                B 32    GOES 1.3E-04      
31777970921  2301 2308 2304                                B 21    GOES 8.1E-05      
31777970922  0046 0051 0049 S25E69SF                       C 17    GOES 3.3E-04  8087
31777970922  0308 0315 0313                                B 35    GOES 9.3E-05      
31777970922  0449 0457 0453 S33E45                         B 20    GOES 8.5E-05  8088
31777970922  0538 0559 0543 S33E44                         B 52    GOES 5.7E-04  8088
31777970922  0604 0620 0616 S33E44SF                       C 14    GOES 7.6E-04  8088
31777970922  0755 0804 0758 S28E46                         B 44    GOES 2.2E-04  8088
31777970922  0905 0917 0913 S32E41SF                       C 22    GOES 7.2E-04  8088
31777970922  1119 1130 1126 S20E65SF                       C 10    GOES 4.8E-04  8087
31777970922  1306 1324 1315                                C 26    GOES 1.7E-03      
31777970922  1410 1426 1416 S28E43SF                       C 47    GOES 2.9E-03  8088
31777970922  1515 1526 1521                                B 72    GOES 3.5E-04      
31777970922  1720 1727 1724                                B 31    GOES 1.2E-04      
31777970922  1806 1824 1817 S28E40SF                       C 51    GOES 2.9E-03  8088
31777970922  2220 2226 2224                                B 30    GOES 8.3E-05      
31777970923  0217 0226 0220                                B 21    GOES 9.9E-05      
31777970923  0332 0340 0335                                B 21    GOES 9.6E-05      
31777970923  0404 0416 0413                                B 40    GOES 2.3E-04      
31777970923  0546 0555 0550                                B 26    GOES 1.3E-04      
31777970923  0704 0711 0708 S29E36SF                       B 34    GOES 1.3E-04  8088
31777970923  0825 0832 0828                                B 23    GOES 8.7E-05      
31777970923  1129 1136 1132                                B 17    GOES 6.6E-05      
31777970923  1544 1602 1555 S28E28SF                       B 95    GOES 6.7E-04  8088
31777970923  1902 1909 1906 S28E29SF                       B 58    GOES 1.6E-04  8088
31777970923  1924 1938 1932                                B 83    GOES 4.7E-04      
31777970923  2105 2123 2117                                C 19    GOES 1.3E-03      
31777970923  2127 2136 2131                                C 14    GOES 6.7E-04      
31777970923  2136 2350 2214                                C 15    GOES 8.6E-03      
31777970924  0217 0225 0221                                C 11    GOES 3.5E-04      
31777970924  0243 0252 0248 S31E191B                       M 59    GOES 1.5E-02  8088
31777970924  0523 0538 0535 S29E15SF                       C 45    GOES 1.2E-03  8088
31777970924  0654 0707 0704 S29E15SF                       C 25    GOES 1.0E-03  8088
31777970924  0736 0741 0739                                B 24    GOES 6.1E-05      
31777970924  0845 0852 0850                                B 35    GOES 1.1E-04      
31777970924  0854 0859 0857                                B 31    GOES 8.2E-05      
31777970924  0906 0916 0913 S29E13SN                       C 22    GOES 6.3E-04  8088
31777970924  1021 1032 1030                                B 91    GOES 2.8E-04      
31777970924  1057 1110 1106 S28E18SF                       M 30    GOES 1.1E-02  8088
31777970924  1539 1544 1542                                B 24    GOES 6.3E-05      
31777970924  1658 1725 1722                                B 28    GOES 3.7E-04      
31777970924  1740 1753 1748                                B 36    GOES 2.4E-04      
31777970924  1824 1845 1834 S29E151N                       C 83    GOES 6.5E-03  8088
31777970924  1931 1938 1935                                B 36    GOES 1.4E-04      
31777970924  2151 2207 2158                                B 42    GOES 3.2E-04      
31777970924  2312 2335 2323 S29E06SF                       B 83    GOES 9.3E-04  8088
31777970925  0035 0044 0040 S29E05SF                       B 56    GOES 2.5E-04  8088
31777970925  0135 0312 0246                                B 40    GOES 1.7E-03      
31777970925  0317 0339 0328 S29E04SN                       C 27    GOES 2.4E-03  8088
31777970925  1140 1155 1149 S27E021N                       C 72    GOES 3.4E-03  8088
31777970925  1655 1706 1701                                B 56    GOES 2.9E-04      
31777970925  2233 2255 2241                                B 42    GOES 4.3E-04      
31777970926  0312 0320 0317 S26W08SN                       C 44    GOES 1.0E-03  8088
31777970926  0703 0710 0707                                B 17    GOES 5.9E-05      
31777970926  1213 1224 1218                                B 17    GOES 9.7E-05      
31777970926  1433 1450 1441                                B 25    GOES 2.1E-04      
31777970926  1637 1648 1642                                B 19    GOES 1.1E-04      
31777970927  1634 1647 1640                                B 19    GOES 1.3E-04      
31777970928  1354 1405 1400                                B 37    GOES 2.0E-04      
31777970928  1411 1534 1442                                C 10    GOES 4.0E-03      
31777970928  2053 2058 2056                                B 21    GOES 4.9E-05      
31777970928  2212 2217 2215                                B 23    GOES 5.4E-05      
31777970929  0708 0714 0711                                B 13    GOES 4.3E-05      
31777970929  1105 1110 1108                                B 16    GOES 3.7E-05      
31777970929  1231 1238 1236 S31W52SF                       B 33    GOES 9.0E-05  8088
31777970929  1456 1502 1459                                B 17    GOES 5.0E-05      
31777970929  1620 1627 1624 S32W52SF                       C 26    GOES 5.1E-04  8088
31777970929  1952 2025 2006                                B 66    GOES 1.1E-03      
31777970930  1549 1554 1552                                B 14    GOES 3.6E-05      
31777971001  1041 1050 1046                                B 22    GOES 1.0E-04      
31777971001  1325 1334 1330                                B 23    GOES 1.0E-04      
31777971001  1616 1638 1626                                B 85    GOES 9.2E-04      
31777971002  0057 0121 0108                                B 78    GOES 7.7E-04      
31777971002  0238 0252 0245 S35E54SF                       C 10    GOES 5.4E-04  8090
31777971002  0438 0816 0456                                B 11    GOES 1.4E-03      
31777971002  1000 1031 1017                                B 46    GOES 6.5E-04      
31777971002  1257 1311 1303 N24E67SF                       B 26    GOES 1.9E-04  8091
31777971002  2106 2118 2112                                B 20    GOES 1.3E-04      
31777971003  0515 0530 0524 N18E55SF                       B 37    GOES 2.5E-04  8091
31777971003  1151 1233 1205 N20E58SF                       B 24    GOES 5.0E-04  8091
31777971003  1819 1826 1823                                B 29    GOES 7.8E-05      
31777971004  1825 1834 1829                                B 12    GOES 5.8E-05      
31777971004  2206 2214 2211                                B 13    GOES 5.0E-05      
31777971005  1748 1817 1757 N18E22SF                       B 39    GOES 5.2E-04  8091
31777971007  1457 1529 1512                                B 22    GOES 3.3E-04      
31777971007  1822 1827 1825                                B 11    GOES 2.8E-05      
31777971008  0201 0224 0214                                B 38    GOES 3.7E-04      
31777971008  0240 0253 0245                                B 29    GOES 1.9E-04      
31777971009  1106 1121 1112                                B 35    GOES 2.1E-04      
31777971009  1147 1218 1202 N24E35SF                       B 92    GOES 1.2E-03  8092
31777971010  0139 0147 0143                                B 18    GOES 6.4E-05      
31777971010  0323 0414 0359 N24E27SF                       B 38    GOES 6.7E-04  8092
31777971011  0842 0911 0858 N22E14SF                       B 48    GOES 5.8E-04  8092
31777971011  2013 2030 2021                                B 23    GOES 1.7E-04      
31777971011  2124 2143 2134                                B 32    GOES 2.7E-04      
31777971011  2329 2344 2335                                B 65    GOES 3.7E-04      
31777971012  0602 0842 0654                                B 23    GOES 1.5E-03      
31777971012  1608 1613 1611                                B 13    GOES 3.2E-05      
31777971012  2351 0010 2357                                B 17    GOES 1.7E-04      
31777971013  0040 0049 0045 N22W50SF                       B 18    GOES 8.4E-05  8094
31777971013  0910 1423 1240                                B 68    GOES 5.3E-03      
31777971013  2311 2323 2318 N22W631F                       C 10    GOES 4.9E-04  8094
31777971014  1218 1229 1223                                B 13    GOES 7.5E-05      
31777971014  2007 2014 2011                                B 16    GOES 5.4E-05      
31777971014  2113 2122 2118 N13E64SF                       B 26    GOES 1.0E-04  8096
31777971015  1507 1548 1528                                B 59    GOES 1.1E-03      
31777971016  0507 0536 0521                                B 24    GOES 3.8E-04      
31777971016  1718 1737 1722 N20E85SF                       B 12    GOES 1.4E-04  8097
31777971016  2139 2151 2147                                B 15    GOES 9.4E-05      
31777971017  0554 0602 0558                                B 22    GOES 9.7E-05      
31777971017  1215 1227 1221                                B 23    GOES 1.3E-04      
31777971017  1416 1433 1424 N32W56SF                       B 30    GOES 2.5E-04  8093
31777971018  0826 0838 0830                                B 15    GOES 9.7E-05      
31777971018  1511 1519 1515                                B 12    GOES 5.3E-05      
31777971019  1900 1913 1906                                B 15    GOES 1.1E-04      
31777971020  0219 0226 0222                                B 12    GOES 4.4E-05      
31777971020  0330 0338 0335                                B 51    GOES 1.4E-04      
31777971020  1110 1132 1117                                B 17    GOES 1.9E-04      
31777971020  1213 1219 1216                                B 12    GOES 3.6E-05      
31777971020  1350 1402 1355                                B 19    GOES 1.1E-04      
31777971021  0227 0247 0236                                B 34    GOES 3.6E-04      
31777971021  1700 1816 1754 N16E07SF                       C 33    GOES 7.0E-03  8097
31777971025  2035 2058 2041                                B 17    GOES 2.0E-04      
31777971026  0221 0232 0227                                B 13    GOES 7.6E-05      
31777971026  2245 2251 2249                                B 19    GOES 6.1E-05      
31777971027  0242 0254 0247                                B 15    GOES 9.0E-05      
31777971027  0321 0330 0326                                B 20    GOES 8.1E-05      
31777971027  0345 0408 0357                                B 17    GOES 2.2E-04      
31777971027  1418 1426 1421                                B 12    GOES 5.0E-05      
31777971027  1512 1521 1517                                B 15    GOES 7.0E-05      
31777971027  2122 2157 2142                                B 20    GOES 3.6E-04      
31777971028  0138 0224 0207                                B 26    GOES 5.3E-04      
31777971028  0325 0341 0338 S28E68SN                       C 28    GOES 1.0E-03  8100
31777971028  0736 0746 0742                                B 16    GOES 7.8E-05      
31777971028  0838 0853 0846                                B 32    GOES 2.2E-04      
31777971028  1251 1300 1256 S22E611F                       C 59    GOES 1.6E-03  8100
31777971028  1348 1353 1351                                B 12    GOES 3.1E-05      
31777971028  2009 2023 2014                                B 13    GOES 1.0E-04      
31777971028  2317 2325 2320                                B 10    GOES 4.5E-05      
31777971029  0414 0421 0417                                B 10    GOES 3.8E-05      
31777971029  0701 0708 0705                                B 12    GOES 4.5E-05      
31777971029  1021 1027 1025                                B 10    GOES 3.2E-05      
31777971029  2303 2320 2309                                B 17    GOES 1.6E-04      
31777971030  0056 0109 0101                                B 35    GOES 1.9E-04      
31777971030  0234 0301 0238                                B 20    GOES 2.8E-04      
31777971030  0441 0446 0444                                B 14    GOES 4.1E-05      
31777971030  0814 0832 0821                                B 19    GOES 1.7E-04      
31777971030  1102 1124 1113                                B 44    GOES 4.3E-04      
31777971030  1329 1335 1333                                B 20    GOES 6.2E-05      
31777971030  1433 1439 1437                                B 25    GOES 6.3E-05      
31777971030  1516 1529 1524 S20E34SF                       B 67    GOES 3.7E-04  8100
31777971030  1557 1614 1610 S19E33SF                       B 33    GOES 1.8E-04  8100
31777971030  1859 1905 1902                                B 23    GOES 5.7E-05      
31777971030  2021 2030 2026                                B 27    GOES 1.1E-04      
31777971031  1933 1940 1938 S20E16SF                       B 44    GOES 1.1E-04  8100
31777971101  0108 0119 0115 S19E10SF                       B 87    GOES 3.7E-04  8100
31777971101  0454 0511 0501 S19E08SF                       B 44    GOES 3.5E-04  8100
31777971101  1232 1237 1235                                B 12    GOES 3.0E-05      
31777971101  1248 1254 1252                                B 26    GOES 6.3E-05      
31777971101  1602 1609 1606                                B 22    GOES 7.3E-05      
31777971101  1825 1832 1829                                B 25    GOES 8.5E-05      
31777971101  2229 2237 2233                                B 26    GOES 1.1E-04      
31777971102  0226 0234 0230                                B 17    GOES 7.5E-05      
31777971102  0238 0243 0241                                B 23    GOES 5.5E-05      
31777971102  0258 0307 0304 S20E01SB                       C 23    GOES 4.7E-04  8100
31777971102  0443 0448 0446                                B 17    GOES 4.4E-05      
31777971102  0725 0731 0728                                B 17    GOES 5.1E-05      
31777971102  1128 1149 1132 S17W06SF                       B 27    GOES 3.0E-04  8100
31777971102  1657 1702 1700                                B 18    GOES 4.7E-05      
31777971102  1716 1748 1724 S20W07SF                       B 27    GOES 4.5E-04  8100
31777971102  1821 1842 1828 S20W08SF                       B 80    GOES 7.8E-04  8100
31777971102  2041 2058 2049 S18W11SF                       C 22    GOES 1.5E-03  8100
31777971102  2248 2308 2253 S20W10SF                       B 62    GOES 6.3E-04  8100
31777971102  2322 2338 2335 S19W13SF                       B 55    GOES 4.7E-04  8100
31777971103  0011 0018 0016                                B 46    GOES 1.4E-04      
31777971103  0035 0044 0040 S20W11SF                       B 62    GOES 2.4E-04  8100
31777971103  0145 0202 0150 S20W11SF                       C 10    GOES 7.3E-04  8100
31777971103  0432 0449 0438 S20W13SB                       C 86    GOES 6.1E-03  8100
31777971103  0600 0625 0612                                C 20    GOES 2.3E-03      
31777971103  0650 0703 0655                                B 78    GOES 5.0E-04      
31777971103  0813 0831 0820 S20W15SF                       C 46    GOES 3.4E-03  8100
31777971103  0903 0913 0910 S20W151B                       M 14    GOES 4.1E-03  8100
31777971103  1018 1034 1029                                M 42    GOES 1.8E-02      
31777971103  1219 1238 1224 S18W20SF                       C 16    GOES 1.3E-03  8100
31777971103  1244 1258 1251                                C 24    GOES 1.6E-03      
31777971103  1322 1330 1326                                B 86    GOES 3.6E-04      
31777971103  1344 1359 1350 S18W22SF                       C 19    GOES 1.3E-03  8100
31777971103  1435 1445 1438                                B 69    GOES 3.7E-04      
31777971103  1452 1504 1458                                C 13    GOES 7.4E-04      
31777971103  1700 1724 1720 S17W28SF                       C 19    GOES 1.9E-03  8100
31777971103  1808 1833 1812 S19W20SF                       C 43    GOES 5.7E-03  8100
31777971103  1903 1910 1907 S20W21                         C 39    GOES 1.3E-03  8100
31777971103  1955 2036 2016 S19W20SF                       M 10    GOES 1.4E-02  8100
31777971103  2120 2142 2125 S19W22                         C 39    GOES 4.5E-03  8100
31777971103  2216 2232 2224 S19W23SN                       C 86    GOES 5.7E-03  8100
31777971103  2258 2307 2302 S20W23                         C 80    GOES 3.2E-03      
31777971103  2333 2344 2340 S20W23SF                       C 32    GOES 1.8E-03  8100
31777971104  0113 0120 0116 S20W24                         C 37    GOES 1.3E-03  8100
31777971104  0127 0140 0135 S20W241N                       M 13    GOES 7.3E-03  8100
31777971104  0216 0225 0221                                C 54    GOES 2.1E-03      
31777971104  0232 0303 0242 S20W251F                       M 41    GOES 5.3E-02  8100
31777971104  0355 0406 0402                                C 55    GOES 3.0E-03      
31777971104  0412 0419 0416                                C 80    GOES 2.7E-03      
31777971104  0522 0541 0528                                C 42    GOES 4.1E-03      
31777971104  0552 0602 0558 S14W332B                       X 21    GOES 5.6E-02  8100
31777971104  0627 0632 0630                                C 88    GOES 2.0E-03      
31777971104  0637 0644 0640                                C 73    GOES 2.8E-03      
31777971104  0714 0720 0717 S20W27SF                       C 30    GOES 9.8E-04  8100
31777971104  0803 0824 0821 S20W28SF                       C 34    GOES 3.0E-03  8100
31777971104  0948 0954 0951                                C 26    GOES 8.2E-04      
31777971104  1021 1028 1025                                C 18    GOES 6.7E-04      
31777971104  1723 1757 1738 S19W32SF                       C 25    GOES 3.9E-03  8100
31777971104  2106 2126 2117 S18W38SF                       C 59    GOES 4.8E-03  8100
31777971105  0617 0656 0641 S13W491N                       C 70    GOES 1.2E-02  8100
31777971105  0917 0923 0921                                C 30    GOES 8.8E-04      
31777971105  1000 1012 1006                                C 81    GOES 4.5E-03      
31777971105  1130 1155 1140                                C 68    GOES 7.7E-03      
31777971105  1628 1652 1632 S19W46SF                       C 14    GOES 1.7E-03  8100
31777971105  1739 1750 1744                                C 12    GOES 7.4E-04      
31777971105  1838 1901 1849 N22W02SF                       C 23    GOES 2.6E-03  8103
31777971106  0246 0252 0249                                C 11    GOES 3.6E-04      
31777971106  0312 0341 0318 S15W561F                       C 19    GOES 2.8E-03  8100
31777971106  1131 1144 1136                                C 47    GOES 3.0E-03  8100
31777971106  1149 1201 1155 S18W632B                       X 94    GOES 3.6E-01  8100
31777971106  2043 2102 2051                                B 77    GOES 7.7E-04      
31777971107  0009 0027 0022 S15W67SF                       B 87    GOES 7.9E-04  8100
31777971107  0918 0937 0926 N22W21SF                       C 10    GOES 1.0E-03  8103
31777971107  1828 1839 1833                                B 61    GOES 3.5E-04      
31777971107  2103 2115 2109                                C 11    GOES 5.8E-04      
31777971108  0748 0833 0819                                C 17    GOES 2.5E-03      
31777971108  1948 2126 2105                                B 70    GOES 2.6E-03      
31777971108  2311 2327 2319                                B 78    GOES 5.8E-04      
31777971109  0748 0800 0752                                B 15    GOES 1.0E-04      
31777971109  1611 1637 1624 N21W53SF                       B 43    GOES 5.5E-04  8103
31777971110  0349 0411 0355                                B 67    GOES 6.9E-04      
31777971110  0518 0550 0535 N22W59SF                       C 16    GOES 2.2E-03  8103
31777971110  0700 0752 0722 N22W60SF                       C 40    GOES 8.6E-03  8103
31777971110  1139 1151 1146                                C 14    GOES 7.6E-04      
31777971110  1251 1315 1307                                C 15    GOES 1.6E-03      
31777971110  1349 1359 1354                                B 93    GOES 4.3E-04      
31777971110  1622 1636 1630                                B 40    GOES 2.9E-04      
31777971110  1644 1655 1649                                B 89    GOES 4.2E-04      
31777971110  1756 1801 1759                                B 59    GOES 1.6E-04      
31777971111  0244 0438 0431                                C 12    GOES 5.1E-03      
31777971111  0707 0749 0727 N26W71SF                       C 47    GOES 8.3E-03  8103
31777971111  1018 1027 1022 N18W76SF                       C 18    GOES 6.6E-04  8103
31777971111  1157 1206 1202                                C 13    GOES 5.5E-04      
31777971111  1306 1321 1318 N22W77SF                       B 91    GOES 6.5E-04  8103
31777971111  1526 1531 1529                                B 57    GOES 1.5E-04      
31777971111  1545 1551 1548                                B 58    GOES 1.8E-04      
31777971111  1602 1609 1606                                B 67    GOES 2.5E-04      
31777971111  1714 1728 1721                                B 86    GOES 6.1E-04      
31777971111  1918 1929 1926                                B 89    GOES 5.2E-04      
31777971111  2137 2144 2141                                B 63    GOES 2.1E-04      
31777971111  2212 2231 2217                                B 95    GOES 9.3E-04      
31777971111  2317 2327 2321                                B 55    GOES 3.0E-04      
31777971112  0110 0124 0119                                B 67    GOES 4.7E-04      
31777971112  0517 0526 0521                                B 61    GOES 2.6E-04      
31777971112  0633 0653 0644                                C 24    GOES 2.1E-03      
31777971112  1008 1017 1013                                B 63    GOES 3.0E-04      
31777971112  1055 1108 1104                                C 10    GOES 6.9E-04      
31777971112  1133 1141 1138                                B 61    GOES 2.5E-04      
31777971112  1316 1331 1325                                B 81    GOES 6.0E-04      
31777971112  1702 1723 1713                                C 16    GOES 1.4E-03      
31777971112  2037 2050 2042                                B 60    GOES 3.8E-04      
31777971112  2054 2110 2102                                C 20    GOES 1.4E-03      
31777971112  2220 2248 2230                                B 59    GOES 8.8E-04      
31777971113  0624 0635 0631                                C 11    GOES 4.7E-04      
31777971113  0725 0736 0728                                B 54    GOES 2.9E-04      
31777971113  0934 0947 0944                                B 85    GOES 4.7E-04      
31777971113  1047 1053 1050                                C 13    GOES 3.5E-04      
31777971113  1103 1126 1112                                C 14    GOES 1.5E-03      
31777971113  1142 1147 1145                                C 20    GOES 3.4E-04      
31777971113  1250 1256 1253                                B 89    GOES 2.3E-04      
31777971113  1311 1317 1314                                B 97    GOES 2.7E-04      
31777971113  1401 1407 1405                                B 51    GOES 1.5E-04      
31777971113  1426 1436 1433                                C 13    GOES 5.1E-04      
31777971113  1504 1513 1508                                C 23    GOES 7.2E-04      
31777971113  1619 1624 1622                                B 93    GOES 2.0E-04      
31777971113  1740 1754 1746 N29W65SF                       C 10    GOES 6.5E-04  8106
31777971113  1800 1807 1804                                C 16    GOES 4.6E-04      
31777971113  1859 1906 1903                                C 11    GOES 3.6E-04      
31777971113  1923 1931 1927 N29W67SF                       B 72    GOES 2.7E-04  8106
31777971113  2009 2021 2018                                C 17    GOES 8.4E-04      
31777971113  2335 2348 2340                                B 41    GOES 2.8E-04      
31777971114  0025 0031 0029                                B 49    GOES 1.3E-04      
31777971114  0123 0136 0131 N21E74SF                       C 36    GOES 1.6E-03  8108
31777971114  0242 0302 0253                                B 58    GOES 5.6E-04      
31777971114  0352 0359 0356                                B 32    GOES 1.2E-04      
31777971114  0404 0410 0408                                B 42    GOES 1.2E-04      
31777971114  0603 0622 0607                                B 65    GOES 5.8E-04      
31777971114  0709 0715 0713                                C 14    GOES 2.8E-04      
31777971114  0831 0839 0835                                B 78    GOES 2.9E-04      
31777971114  0905 1146 1038 N21E70SF                       C 46    GOES 3.1E-02  8108
31777971114  1505 1514 1509 N29W75SF                       B 82    GOES 3.8E-04  8106
31777971114  1651 1710 1658                                B 80    GOES 7.4E-04      
31777971114  1911 1918 1914 N16E68SF                       B 49    GOES 1.9E-04  8108
31777971115  0121 0156 0142 N19E64SF                       C 22    GOES 3.0E-03  8108
31777971115  0414 0420 0417                                B 30    GOES 9.7E-05      
31777971115  1025 1052 1041                                C 10    GOES 1.3E-03      
31777971115  1152 1158 1155 N30W83SF                       B 39    GOES 1.2E-04  8106
31777971115  1316 1323 1319                                B 28    GOES 1.1E-04      
31777971115  2231 2310 2246 N20E641N                       M 10    GOES 1.6E-02  8108
31777971116  0121 0132 0125 N18E56SF                       C 10    GOES 5.7E-04  8108
31777971116  0659 0704 0702                                B 22    GOES 6.0E-05      
31777971116  0848 0854 0851                                B 33    GOES 1.0E-04      
31777971116  1214 1226 1222                                B 31    GOES 1.9E-04      
31777971116  1310 1323 1314                                B 43    GOES 2.4E-04      
31777971116  1717 1725 1721                                B 36    GOES 1.6E-04      
31777971116  1733 1744 1741                                B 83    GOES 4.3E-04      
31777971116  1819 1829 1826                                C 19    GOES 7.4E-04      
31777971116  2016 2023 2021                                C 14    GOES 3.8E-04      
31777971116  2126 2132 2130 N18E46SF                       B 56    GOES 1.7E-04  8108
31777971116  2207 2212 2210                                B 51    GOES 1.3E-04      
31777971117  0015 0024 0021 N15E42SF                       B 70    GOES 3.0E-04  8108
31777971117  0322 0329 0327                                B 53    GOES 1.9E-04      
31777971117  0528 0536 0532                                B 48    GOES 1.8E-04      
31777971117  0632 0642 0637 N17E39SF                       B 68    GOES 3.2E-04  8108
31777971117  0713 0719 0716                                B 31    GOES 1.0E-04      
31777971117  0800 0806 0803                                B 23    GOES 7.4E-05      
31777971117  0858 0959 0951                                B 89    GOES 2.1E-03      
31777971117  1040 1046 1043                                B 33    GOES 1.1E-04      
31777971117  1134 1146 1141                                B 27    GOES 1.8E-04      
31777971117  1328 1401 1354                                C 26    GOES 2.5E-03      
31777971117  1414 1420 1417                                C 13    GOES 3.8E-04      
31777971117  1456 1517 1510 N21E30SF                       C 86    GOES 6.0E-03      
31777971117  2030 2035 2033                                B 18    GOES 4.5E-05      
31777971118  0424 0431 0429                                B 22    GOES 6.7E-05      
31777971118  0550 0558 0554                                B 15    GOES 6.5E-05      
31777971118  0637 0657 0649 N18E27SF                       B 45    GOES 3.9E-04  8108
31777971118  0829 0911 0845 N18E26SF                       B 38    GOES 7.6E-04  8108
31777971118  0935 0940 0938                                B 41    GOES 9.0E-05      
31777971118  0942 1002 0951                                B 50    GOES 5.1E-04      
31777971118  1303 1314 1309                                B 18    GOES 9.9E-05      
31777971118  1544 1554 1549                                B 29    GOES 1.4E-04      
31777971119  1349 1412 1402 N24E05SF                       B 28    GOES 3.1E-04  8108
31777971119  1700 2140 1910                                C 16    GOES 1.8E-02      
31777971120  0014 0033 0022 N20E09SF                       B 92    GOES 8.4E-04  8108
31777971120  1109 1123 1114                                B 30    GOES 2.2E-04      
31777971120  2206 2216 2212 N21W08SF                       B 74    GOES 2.6E-04  8108
31777971120  2330 2352 2336                                B 15    GOES 1.9E-04      
31777971121  0321 0327 0324                                B 47    GOES 1.4E-04      
31777971121  0553 0600 0557                                B 24    GOES 8.5E-05      
31777971121  0608 0642 0637 N23W12SF                       C 11    GOES 1.3E-03  8108
31777971121  0901 0912 0905                                B 19    GOES 1.2E-04      
31777971121  0919 0930 0923                                B 29    GOES 1.7E-04      
31777971121  0941 0957 0954 N23W14SF                       B 50    GOES 3.2E-04  8108
31777971121  1108 1139 1134 N22W17SF                       B 45    GOES 7.5E-04  8108
31777971121  1310 1344 1332 N22W17                         C 17    GOES 2.0E-03  8108
31777971121  1523 1531 1528 N21W19SF                       B 88    GOES 3.1E-04  8108
31777971121  1557 1603 1600 N22W17SF                       C 12    GOES 3.5E-04  8108
31777971121  1609 1616 1612                                B 62    GOES 2.3E-04      
31777971121  1700 1708 1704 N21W19SF                       C 11    GOES 4.3E-04  8108
31777971121  2058 2115 2105                                B 42    GOES 3.9E-04      
31777971121  2142 2151 2146                                B 39    GOES 1.8E-04      
31777971122  0018 0025 0021                                B 30    GOES 1.1E-04      
31777971122  0228 0235 0232                                B 44    GOES 1.6E-04      
31777971122  0613 0654 0630                                C 10    GOES 2.2E-03      
31777971122  1053 1101 1057                                B 50    GOES 2.1E-04      
31777971122  1852 1911 1900                                C 11    GOES 9.5E-04      
31777971123  0021 0047 0032                                B 90    GOES 1.0E-03      
31777971123  0236 0304 0253 N22W40SF                       C 20    GOES 2.3E-03  8108
31777971123  0617 0632 0623                                B 41    GOES 3.1E-04      
31777971123  1002 1012 1007                                B 40    GOES 2.1E-04      
31777971123  1251 1309 1259 N19W45SF                       B 61    GOES 5.1E-04  8108
31777971123  1400 1409 1404                                B 44    GOES 2.1E-04      
31777971123  1534 1547 1541 N20W49SF                       C 15    GOES 8.3E-04  8108
31777971123  1919 1930 1924                                B 50    GOES 2.8E-04      
31777971123  2244 2317 2308 N20W53SF                       B 76    GOES 1.1E-03  8108
31777971124  0000 0007 0004 N23W49SF                       B 49    GOES 1.8E-04  8108
31777971124  0249 0301 0254                                B 49    GOES 3.2E-04      
31777971124  0355 0407 0400 N23W511F                       C 34    GOES 1.6E-03  8108
31777971124  1236 1304 1241 N21W58SF                       B 61    GOES 4.1E-04  8108
31777971124  1849 1917 1859                                C 14    GOES 2.1E-03      
31777971124  1930 2010 1950                                M 16    GOES 2.7E-02      
31777971125  0230 0305 0254                                C 21    GOES 2.9E-03      
31777971125  0327 0347 0337                                C 39    GOES 3.5E-03      
31777971125  0527 0557 0543                                C 50    GOES 6.1E-03      
31777971125  0814 0823 0818                                C 11    GOES 5.2E-04      
31777971125  1050 1120 1103                                C 23    GOES 3.3E-03      
31777971125  1438 1456 1445                                C 11    GOES 1.0E-03      
31777971125  1936 1959 1952                                C 93    GOES 6.4E-03      
31777971125  2217 2232 2224                                C 13    GOES 7.8E-04      
31777971125  2258 2321 2306                                C 11    GOES 1.4E-03      
31777971126  0032 0038 0035                                B 88    GOES 2.8E-04      
31777971126  0242 0319 0311                                C 18    GOES 3.3E-03      
31777971126  0412 0429 0417                                C 36    GOES 2.7E-03      
31777971126  0438 0502 0447 N13E85SF                       C 47    GOES 5.7E-03  8113
31777971126  0749 0759 0754                                C 13    GOES 7.1E-04      
31777971126  1040 1047 1045                                B 83    GOES 3.0E-04      
31777971126  1753 1805 1800 N16E74SF                       C 13    GOES 7.7E-04  8113
31777971126  1831 1840 1837 N16E75                         M 20    GOES 5.4E-03  8113
31777971127  0108 0128 0114 N19E75SF                       B 84    GOES 8.8E-04  8113
31777971127  0201 0205 0203                                C 13    GOES 2.5E-04      
31777971127  0324 0335 0330                                C 11    GOES 6.2E-04      
31777971127  1025 1044 1035                                C 14    GOES 1.3E-03      
31777971127  1148 1200 1153                                C 10    GOES 6.0E-04      
31777971127  1259 1320 1317 N17E632B                       X 26    GOES 7.0E-02  8113
31777971127  1501 1519 1507                                C 23    GOES 2.2E-03      
31777971127  1610 1637 1624 N18E70SF                       C 38    GOES 4.9E-03  8113
31777971128  0016 0041 0027 N13E551F                       C 51    GOES 5.6E-03  8113
31777971128  0453 0523 0503 N15E612B                       M 68    GOES 7.0E-02  8113
31777971128  1117 1236 1205 S15E18SF                       C 34    GOES 1.1E-02  8112
31777971128  1444 1450 1447                                B 94    GOES 3.0E-04      
31777971128  1509 1518 1515 N19E54SF                       C 22    GOES 7.9E-04  8113
31777971128  1538 1548 1543 N19E54SF                       C 16    GOES 8.2E-04  8113
31777971128  1821 1829 1826 N19E54                         C 19    GOES 7.1E-04  8113
31777971128  1925 1946 1934 N19E52                         C 24    GOES 2.5E-03  8113
31777971128  1954 2017 2009                                M 11    GOES 1.1E-02      
31777971129  0009 0017 0013                                B 77    GOES 3.3E-04      
31777971129  0501 0515 0508 N15E49SF                       C 32    GOES 1.7E-03  8113
31777971129  0919 0940 0930 N19E47SF                       C 50    GOES 3.8E-03  8113
31777971129  1929 1939 1933 N15E33SF                       C 12    GOES 5.4E-04  8113
31777971129  2228 2253 2244 N15E382N                       M 64    GOES 5.0E-02  8113
31777971130  0330 0335 0333 N17E38SF                       B 52    GOES 1.4E-04  8113
31777971130  0558 0614 0609                                B 81    GOES 5.7E-04      
31777971130  0649 0658 0655 N18E321F                       C 29    GOES 8.6E-04  8113
31777971130  0702 0713 0710 N18E32SF                       C 26    GOES 1.2E-03  8113
31777971130  1236 1254 1247 N18E28SF                       B 69    GOES 6.1E-04  8113
31777971130  1401 1407 1404 N17E22SF                       B 55    GOES 1.7E-04  8113
31777971130  1908 1920 1916 N16E19SF                       B 41    GOES 2.7E-04  8113
31777971130  2045 2100 2051                                C 40    GOES 2.2E-03      
31777971201  0026 0041 0031 N18E27SF                       C 11    GOES 8.6E-04  8113
31777971201  0128 0137 0133 N17E27SF                       B 72    GOES 3.2E-04  8113
31777971201  0232 0247 0237 N19E271N                       M 12    GOES 7.2E-03  8113
31777971201  0702 0707 0705                                B 34    GOES 9.0E-05      
31777971201  0728 0738 0732                                B 70    GOES 3.4E-04      
31777971201  0844 0856 0850                                B 47    GOES 2.9E-04      
31777971201  0926 0933 0930 N19E18SF                       B 47    GOES 1.7E-04  8113
31777971201  0949 0956 0953 N18E17SF                       B 46    GOES 1.7E-04  8113
31777971201  1100 1126 1120                                B 75    GOES 9.1E-04      
31777971201  1221 1241 1232 N20E19SF                       C 13    GOES 1.1E-03  8113
31777971201  1323 1335 1331 N20E19SF                       C 66    GOES 2.7E-03  8113
31777971201  1402 1407 1405                                B 57    GOES 1.5E-04      
31777971201  1837 1847 1843 N20E16SF                       C 24    GOES 9.4E-04  8113
31777971201  1908 1945 1925 N18E121F                       C 43    GOES 5.8E-03  8113
31777971201  2055 2103 2100                                B 64    GOES 2.5E-04      
31777971201  2116 2127 2121                                B 60    GOES 3.5E-04      
31777971201  2139 2146 2143                                C 10    GOES 3.8E-04      
31777971201  2235 2252 2241                                C 10    GOES 8.1E-04      
31777971202  0533 0619 0539 N19E08SF                       B 95    GOES 2.3E-03  8113
31777971202  0824 0839 0832                                B 66    GOES 4.9E-04      
31777971202  0904 0917 0908                                B 69    GOES 4.5E-04      
31777971202  1503 1508 1506                                B 43    GOES 1.1E-04      
31777971202  1622 1642 1632                                C 13    GOES 1.2E-03      
31777971203  0021 0036 0029                                C 22    GOES 1.5E-03      
31777971203  0056 0123 0103 N19W02SF                       C 16    GOES 2.2E-03  8113
31777971203  0323 0346 0335 N19W03SF                       C 21    GOES 2.1E-03  8113
31777971203  0413 0432 0422 N19W04                         C 10    GOES 9.9E-04  8113
31777971203  0503 0510 0507 N19W04SF                       B 59    GOES 2.3E-04  8113
31777971203  0704 0720 0716 N19W06SF                       C 10    GOES 7.2E-04  8113
31777971203  1203 1220 1213                                C 11    GOES 1.0E-03      
31777971203  1349 1444 1424 N19W10SF                       C 15    GOES 3.8E-03  8113
31777971203  2211 2227 2219 N22W10SF                       B 86    GOES 7.0E-04  8113
31777971204  0121 0141 0129 N20W15SF                       B 71    GOES 6.6E-04  8113
31777971204  0541 0606 0554 N21W17SF                       C 14    GOES 1.7E-03  8113
31777971204  2325 2338 2332 N22W25SF                       B 41    GOES 2.6E-04  8113
31777971206  0834 0850 0842                                C 12    GOES 8.0E-04      
31777971206  1944 2006 1952                                C 15    GOES 1.8E-03      
31777971207  0543 0551 0547                                B 54    GOES 2.3E-04      
31777971207  1802 1814 1808                                B 53    GOES 3.1E-04      
31777971208  0518 0527 0521                                B 31    GOES 1.5E-04      
31777971208  0727 0745 0733                                B 38    GOES 3.2E-04      
31777971209  0042 0048 0046                                B 79    GOES 1.6E-04      
31777971209  1605 1612 1608                                B 23    GOES 9.0E-05      
31777971209  2036 2041 2039                                B 47    GOES 1.0E-04      
31777971209  2248 2253 2251                                B 30    GOES 7.9E-05      
31777971210  1010 1026 1014                                B 41    GOES 3.2E-04  8115
31777971211  0409 0418 0414                                B 45    GOES 1.8E-04      
31777971211  1301 1323 1312                                B 44    GOES 5.0E-04      
31777971211  1445 1459 1452                                B 43    GOES 3.1E-04      
31777971212  0044 0100 0054                                B 52    GOES 4.4E-04      
31777971212  0301 0308 0305                                B 80    GOES 2.4E-04      
31777971212  0602 0618 0608 N32W05SF                       B 43    GOES 3.3E-04  8122
31777971212  0630 0635 0633                                B 23    GOES 5.9E-05      
31777971212  0714 0725 0719 N36W39SF                       C 14    GOES 6.4E-04  8119
31777971212  0747 0800 0755                                B 62    GOES 3.5E-04      
31777971212  0853 0916 0901 N30W08SF                       B 38    GOES 4.5E-04  8122
31777971212  1003 1033 1028                                B 88    GOES 8.6E-04      
31777971212  1046 1056 1052                                C 18    GOES 6.7E-04      
31777971212  1110 1119 1114                                B 68    GOES 2.9E-04      
31777971212  1145 1159 1154                                C 23    GOES 1.1E-03      
31777971212  1208 1215 1212                                B 80    GOES 3.0E-04      
31777971212  1218 1229 1225                                C 13    GOES 7.4E-04      
31777971212  1415 1422 1419                                B 30    GOES 1.1E-04      
31777971212  1539 1602 1545                                B 26    GOES 3.1E-04      
31777971212  1634 1641 1638                                B 33    GOES 1.1E-04      
31777971212  2205 2305 2232 N25W52SF                       B 94    GOES 2.6E-03  8116
31777971213  0220 0245 0230                                B 40    GOES 5.0E-04      
31777971213  0909 0919 0914                                B 23    GOES 1.1E-04      
31777971213  1338 1346 1342                                B 18    GOES 7.2E-05      
31777971214  0553 0609 0559                                B 18    GOES 1.6E-04      
31777971214  0916 0935 0925                                B 42    GOES 3.7E-04      
31777971214  1523 1639 1611 N29W41SF                       C 12    GOES 3.8E-03  8122
31777971214  2125 2235 2144                                B 44    GOES 1.7E-03      
31777971215  0153 0236 0225                                B 62    GOES 1.1E-03      
31777971215  0527 0535 0531                                B 29    GOES 1.2E-04      
31777971215  0759 0806 0803                                B 25    GOES 8.5E-05      
31777971215  1216 1225 1221 N17E53SF                       B 27    GOES 1.2E-04  8123
31777971215  1350 1405 1359 N17E53SF                       B 38    GOES 2.9E-04  8123
31777971215  1426 1437 1430                                B 27    GOES 1.5E-04      
31777971215  1834 1850 1846 N16E50SF                       C 11    GOES 5.1E-04  8123
31777971215  1933 1950 1938 N17E49SF                       B 48    GOES 3.7E-04  8123
31777971215  2339 0004 2350                                C 24    GOES 2.3E-03      
31777971216  0953 1006 1000                                B 23    GOES 1.4E-04      
31777971216  1016 1030 1025                                B 18    GOES 1.4E-04      
31777971216  1030 1042 1035                                B 33    GOES 1.9E-04      
31777971216  1408 1452 1431                                B 24    GOES 5.1E-04      
31777971216  2023 2036 2030                                B 46    GOES 2.3E-04      
31777971217  1158 1243 1217                                B 11    GOES 2.7E-04      
31777971217  1439 1444 1442                                B 10    GOES 2.5E-05      
31777971217  1838 1843 1841                                B 14    GOES 3.5E-05      
31777971217  1856 1909 1904                                B 37    GOES 1.9E-04      
31777971218  0214 0255 0225                                B 34    GOES 7.1E-04      
31777971218  1350 1359 1355                                B 23    GOES 1.1E-04      
31777971218  2057 2111 2107                                B 18    GOES 1.4E-04      
31777971219  0534 0630 0554                                B 51    GOES 1.4E-03      
31777971219  0707 0715 0710 N18E02SF                       B 39    GOES 1.6E-04  8123
31777971219  1338 1401 1346                                B 37    GOES 4.3E-04      
31777971219  1800 2153 0011                                C 11    GOES              
31777971220  1743 1756 1749                                B 36    GOES 2.2E-04      
31777971220  2005 2039 2024                                B 56    GOES 9.6E-04      
31777971220  2341 2350 2346                                B 53    GOES 2.5E-04      
31777971221  0145 0157 0153                                B 59    GOES 3.3E-04      
31777971221  0341 0407 0354                                C 70    GOES 6.1E-03      
31777971221  0808 0851 0835                                B 85    GOES 1.2E-03      
31777971221  1029 1041 1035                                B 80    GOES 4.7E-04      
31777971221  1418 1429 1426                                B 34    GOES 2.0E-04      
31777971221  1436 1453 1445                                B 97    GOES 8.0E-04      
31777971221  1518 1523 1521                                B 78    GOES 2.0E-04      
31777971221  1634 1724 1645                                C 29    GOES 5.8E-03      
31777971221  1926 1943 1932                                B 56    GOES 4.7E-04      
31777971221  2050 2057 2055 S21W63SF                       B 48    GOES 1.8E-04  8124
31777971222  0155 0238 0220                                C 33    GOES 6.2E-03      
31777971222  0622 0636 0627                                B 38    GOES 2.9E-04      
31777971222  0757 0852 0831 S24E64SF                       C 14    GOES 3.5E-03  8124
31777971222  1212 1222 1217                                B 40    GOES 2.1E-04      
31777971222  1238 1247 1243                                B 43    GOES 2.0E-04      
31777971222  1517 1558 1541 S24E58SF                       C 65    GOES 9.2E-03  8124
31777971222  2102 2112 2108                                B 42    GOES 2.0E-04      
31777971222  2151 2200 2156                                B 71    GOES 2.7E-04      
31777971222  2229 2240 2235                                B 53    GOES 2.7E-04      
31777971222  2245 2254 2249                                B 56    GOES 2.4E-04      
31777971224  0119 0125 0122                                B 52    GOES 1.5E-04      
31777971224  0302 0315 0306                                B 30    GOES 2.1E-04      
31777971224  1545 1601 1550 S22E25SF                       B 43    GOES 3.5E-04  8124
31777971224  1903 1929 1915 N24E72SF                       B 80    GOES 9.7E-04  8126
31777971225  0207 0217 0212 S22E23SF                       B 47    GOES 2.1E-04  8124
31777971225  0327 0332 0330                                B 23    GOES 5.8E-05      
31777971225  0952 1001 0956 S22E18SF                       B 32    GOES 1.4E-04  8124
31777971226  0551 0604 0557 S22E07SF                       C 20    GOES 1.1E-03  8124
31777971227  1228 1253 1238                                B 49    GOES 6.2E-04      
31777971227  1628 1646 1638 S23W061F                       C 32    GOES 2.3E-03  8124
31777971228  1413 1421 1417                                B 23    GOES 1.0E-04      
31777971228  1736 1802 1752 S22W25SF                       B 50    GOES 5.7E-04  8124
31777971229  0707 0728 0713                                B 24    GOES 2.8E-04      
31777971229  0736 0743 0740                                B 44    GOES 1.6E-04      
31777971230  0127 0138 0131                                B 34    GOES 1.8E-04      
31777971230  0530 0604 0548                                B 75    GOES 1.2E-03      
31777971230  0729 0754 0743                                B 49    GOES 6.4E-04      
31777971230  1037 1054 1045                                B 53    GOES 4.5E-04      
31777971230  1424 1439 1432                                B 61    GOES 4.7E-04      
31777971230  2129 2137 2134                                B 26    GOES 1.1E-04      
31777971231  0655 0747 0718 N18W12SF                       C 15    GOES 3.7E-03  8126
31777971231  1445 1507 1500                                C 10    GOES 9.0E-04      
31777971231  1512 1535 1527 N18W19SF                       B 70    GOES 7.7E-04  8126
31777971231  1819 1832 1826 S21W63SF                       C 13    GOES 6.6E-04  8124
31777971231  2018 2033 2027 S22W64SF                       C 45    GOES 2.4E-03  8124
31777971231  2352 0007 2358                                B 72    GOES 4.9E-04      
